0 red 0.5284728883421637 1.2117930002595543
1 red 0.5934567664677682 0.7895722965961999
2 red 0.15122537479905995 0.7492702104764783
3 red 0.013857471980595726 0.4462145416487383
4 red 0.31350801809372386 0.6512527250061768
5 red 0.15718976598858203 1.0985541217779369
6 red 0.8024927164223451 1.0629318780366928
7 red 0.8727138750495993 1.4554341898344352
8 red 0.42957193535074034 0.8558931443663279
9 red 0.31659867888141247 0.4118978846165112
10 red 0.6262206941370484 1.4738412691130083
11 red 0.7620511716450985 1.3869394866614537
12 red 0.23129480288273518 1.216553714723803
13 red 0.48313306838544867 0.9831125451503269
14 red 0.02154666005720729 0.1342282423123683
15 red 0.4480426841597863 1.4308253062565648
16 red 0.8933418518558848 1.29059086629367
17 red 0.852398878388671 1.4545648525401786
18 red 0.7571367008522867 1.3621857875957293
19 red 0.7094478426492461 0.9733296507180813
20 red 0.16534060934226302 0.9930422405411217
21 red 0.17670213931707912 0.6146109890927712
22 red 0.013574751536201246 0.6808148938066511
23 red 0.8402117961600883 1.3377052218721022
24 red 0.7849574397947361 1.1703888912748495
25 red 0.25456822890161357 0.5261495643962613
26 red 0.40463402947336746 0.7521736418810088
27 red 0.5644485399550025 0.8931493699029001
28 red 0.10448241074056208 0.47747924940419884
29 red 0.5965278654462286 1.1220246160275407
30 red 0.2198919067363777 1.1528463749937607
31 red 0.25878020597305107 1.1629689438355042
32 red 0.06312750950071289 0.4336956360958313
33 red 0.42086769109709243 1.0872310715276974
34 red 0.9228424101234054 1.740437437481479
35 red 0.4651649056092634 0.5051867935763309
36 red 0.8684047939641698 0.9927728031998283
37 red 0.41891726746611246 1.221342870700704
38 red 0.2700742860667923 1.1398447508978453
39 red 0.6498200939691332 0.9293055997953428
40 red 0.10394236248910005 0.21133920275280316
41 red 0.32456610616256376 0.8749205346847888
42 red 0.4982467149762966 0.8440339558800412
43 red 0.516043812031844 1.2597210355571389
44 red 0.9314395698276737 1.7248330473532891
45 red 0.7374199851743258 1.6913988161895461
46 red 0.9448091668977356 1.551410048865336
47 red 0.2938557377887313 0.6841780931740064
48 red 0.6475705887346351 1.506668044259968
49 red 0.6710572676103768 1.6682754345813608
50 red 0.443454672753257 1.261322709802457
51 red 0.1707940327443047 0.476068970349358
52 red 0.7067251925557065 1.3532731770171669
53 red 0.8947356092235142 0.9917811115013724
54 red 0.21734658482788394 1.2095887645255625
55 red 0.582755062166357 1.3622894083214727
56 red 0.6894061136706205 1.6846461218997963
57 red 0.034347737779125254 0.7466803957283853
58 red 0.8812263014158596 1.8697703505330663
59 red 0.7510749282413139 0.947519545832201
60 red 0.7501960029519561 0.8212118309930886
61 red 0.43243977820896196 1.032163355683622
62 red 0.08632229261265201 0.5025065447031271
63 red 0.7730643483687155 0.9233664494137525
64 red 0.21115942932433773 0.4294491898511017
65 red 0.747530521629782 1.0102987239782146
66 red 0.7744975261476904 1.1169187092509434
67 red 0.8101360405787011 1.3525760122879653
68 red 0.040318368709442276 0.17099710570304416
69 red 0.780887908239283 1.1678317200519484
70 red 0.7901108257048908 1.4529871813420807
71 red 0.40286853497466735 0.6933981952798625
72 red 0.6501183831627261 1.0024316141579237
73 red 0.5876922036710324 1.5506658296994122
74 red 0.006018422234758791 0.23616720247538714
75 red 0.14014043639604024 0.5666499309540319
76 red 0.32685259880711115 0.9936245042991474
77 red 0.775956278855255 0.813296180601819
78 red 0.5995672909487125 1.4844287159205072
79 red 0.5002665203951561 0.6854661434494828
80 red 0.12457845265030787 0.9604847550962671
81 red 0.3153566639886083 0.9387303188157644
82 red 0.5836923210103158 1.4081635451951025
83 red 0.6346382422369655 0.8521999252917986
84 red 0.9903380602620793 1.0458616846241178
85 red 0.926489083051721 1.2304999792803848
86 red 0.1485020285806471 0.997324527537716
87 red 0.06952774774651382 0.68308541571338
88 red 0.7367730433893758 1.464885376523425
89 red 0.24775820838236784 0.30681314544567895
90 red 0.4468697562770434 0.4724934705409385
91 red 0.8348366322779763 1.6993619852305102
92 red 0.17753005721117665 0.19694742876233895
93 red 0.1191877809949663 0.6855746207889923
94 red 0.8529357418151722 1.1344540718583072
95 red 0.0978134045069814 0.9316442502485726
96 red 0.8134697724898015 1.400374896832405
97 red 0.9652875648594391 1.954827601468335
98 red 0.8692077173603326 0.8989536480302401
99 red 0.24651173154040995 0.6880521788647425
100 red 0.08772417791840792 0.31842155556242624
101 red 0.633704783838106 1.4468928183509242
102 red 0.8780574602119354 1.730710437859674
103 red 0.7262834762852606 1.639689215460765
104 red 0.6177710006415637 1.3183593073204463
105 red 0.6918115876071754 1.484839690008327
106 red 0.8668902418353562 1.7202435403622163
107 red 0.1810741093328554 0.730891450716051
108 red 0.31376586937040285 0.45411244687220365
109 red 0.6582760035174181 1.6177809180732914
110 red 0.920459725943811 1.911342409286601
111 red 0.3049143548186559 1.2005611139389631
112 red 0.5378218482006402 1.243221535629651
113 red 0.401929563309798 1.2578682587438716
114 red 0.06619700699377962 0.44544936059392193
115 red 0.23017527102474056 1.074331916387101
116 red 0.353893037265119 1.286145240481059
117 red 0.09184924082936474 0.6155246043185048
118 red 0.6115959343449348 1.1679710868320847
119 red 0.14438563900973078 1.0903590703440926
120 red 0.9644572409678723 1.626819834819924
121 red 0.6882505982026361 1.0724947134524951
122 red 0.6399937486529094 1.1905419105047663
123 red 0.5862045788375576 1.0125494786836118
124 red 0.4454789555236409 0.6803724237030043
125 red 0.938296282316412 1.3197463815180757
126 red 0.7406753489980954 1.5558041103026787
127 red 0.9970065363322788 1.441659686375453
128 red 0.3486322345309456 1.0794847446308369
129 red 0.15035195078149166 0.9930761241169748
130 red 0.9966420122465002 1.4649861812089726
131 red 0.22080463496350555 0.23970149030795784
132 red 0.033848913477451226 0.9098185711321063
133 red 0.9943172885922458 1.0892285010347127
134 red 0.6347810225622667 0.6691782280926524
135 red 0.32282150560761236 1.0221758047084448
136 red 0.0218738616975227 0.727979362343866
137 red 0.3055643470825884 0.570740708864047
138 red 0.20230163561341796 1.024515928537706
139 red 0.08652404916853185 0.557648520864184
140 red 0.8393928141729818 1.3307605999953958
141 red 0.09780392383375147 0.8965187953872049
142 red 0.27793620664814933 0.6085882309781858
143 red 0.6174973073316691 1.0973559289336094
144 red 0.15465064331486122 1.0239683900625671
145 red 0.32163523456605636 0.7228338730813318
146 red 0.14543569709344872 0.47641797220430526
147 red 0.4290618111829556 1.2688249130260019
148 red 0.015983653103543327 0.3230879338615412
149 red 0.33168072618389843 0.6617127425458401
150 red 0.792625047716779 1.5430151970397699
151 red 0.09590377623522606 0.9112353750208335
152 red 0.1633337416118833 0.8859232440361868
153 red 0.11993869472665575 0.8760423686080228
154 red 0.23431472517131435 1.021240454980994
155 red 0.4957809961632732 1.2191285946615422
156 red 0.9592877912239155 0.9953731688405261
157 red 0.9894724326633493 1.4779887900662714
158 red 0.6019567134709232 0.9201213858714037
159 red 0.0514141304070963 0.8284879641314006
160 red 0.09232589050190887 0.16049841144340293
161 red 0.9641595213098594 1.8827199415108589
162 red 0.42254820434732154 0.5824892741355069
163 red 0.9710845877524917 1.5258145009877824
164 red 0.48597116532145423 0.5644531468125091
165 red 0.9445359060745684 1.632058362033734
166 red 0.6345223176892286 1.633394445702588
167 red 0.9210640872946293 1.841394329382827
168 red 0.4351926457173022 0.7854946577828724
169 red 0.059774861599799056 0.5218061204027635
170 red 0.011917695104932458 0.3318463152779987
171 red 0.95980204493462 1.6495979970415657
172 red 0.9566703992286565 1.3725442860735422
173 red 0.21103091482813108 0.2479107870470878
174 red 0.9820866530873493 1.1239298600751821
175 red 0.3200415754543807 0.689307023844745
176 red 0.29914858240123 0.8001325872468684
177 red 0.1325584356862335 1.0317885612499116
178 red 0.6725980064417895 1.5023401893546198
179 red 0.020369926304716124 0.02147577423995961
180 red 0.33754714831036725 0.9456053232516515
181 red 0.8938099038148798 1.1275688345344959
182 red 0.947119931428821 1.4948690263001447
183 red 0.7937610059349134 1.5848468727511802
184 red 0.06532309078591947 0.9623879981776524
185 red 0.12603272366084517 0.3778219247160226
186 red 0.3294351983440392 0.386572743451183
187 red 0.18615684680073752 0.2800252982447645
188 red 0.6734347233232795 0.82733514728866
189 red 0.8481273711420411 1.644625322879791
190 red 0.3770634398263143 0.8111950668895641
191 red 0.6181485128239929 0.6336120467495326
192 red 0.28102141278529535 0.9702356819119067
193 red 0.5306496378606804 1.3020701812309494
194 red 0.5972918244707149 1.0870786992208945
195 red 0.17287870457062682 0.9402907337404187
196 red 0.354693563137189 0.8022983127090643
197 red 0.23710635747223752 0.4785559335406284
198 red 0.9228754582455656 1.3915806039807173
199 red 0.3688807970049467 1.3355766387509387
200 red 0.12617914446835343 0.5453065159807603
201 red 0.886678643935079 1.0819821542554273
202 red 0.5165728788971221 0.7713103384719332
203 red 0.619252422342514 1.1428476284196232
204 red 0.9348782088487573 1.2112891190767385
205 red 0.5417539176591123 0.7954594959989066
206 red 0.10245377873935457 0.9490918323320057
207 red 0.7993878963394235 1.4963319561298847
208 red 0.11661855276046329 0.9670440535599655
209 red 0.8835406327324584 1.2476165975652052
210 red 0.8768155607188878 1.6007898781259886
211 red 0.25189003464671533 1.0500940061453305
212 red 0.47551463560601825 1.3936954573940725
213 red 0.611451832368413 1.043609464041861
214 red 0.23337023307295024 1.0790826492148098
215 red 0.14932741618698586 0.39107998645690656
216 red 0.8112927332827212 1.6108289368955708
217 red 0.8814557473041451 1.4410516734473506
218 red 0.45622936941107894 1.0631475288939014
219 red 0.7742190866856126 1.269490363204011
220 red 0.32346362691609243 0.9678856005149843
221 red 0.06205023677726795 0.24039078113581436
222 red 0.22592767890655763 0.8579451558563574
223 red 0.016914502231475947 0.39082615317624303
224 red 0.3800970855140232 0.9873563542396678
225 red 0.15544704556026434 1.1160915620889913
226 red 0.06631324416163697 0.7852512234371474
227 red 0.48448767216328226 1.078570136164692
228 red 0.818121888839818 1.71076687105024
229 red 0.14769880943587288 0.2636240551081852
230 red 0.16621212522442563 0.6100749669185394
231 red 0.680147686582584 1.6530192058956326
232 red 0.8750865021010972 1.362365122483281
233 red 0.4036774279431522 0.7397126195189683
234 red 0.21766690569545188 0.9612544969505866
235 red 0.9823462601903172 1.6761742898815029
236 red 0.35215061588675867 0.4594548784105864
237 red 0.4717544128148229 0.6621038553083487
238 red 0.4577806723512289 0.7506992425434175
239 red 0.2645219341217664 0.6915988218370148
240 red 0.2987748284939641 0.5399503406196146
241 red 0.15503485874597722 0.8150762255306324
242 red 0.3196566130213301 0.4554963417694021
243 red 0.290885958298569 0.5586473814607192
244 red 0.5871861033690984 1.186025360394344
245 red 0.2172876579817251 1.2086624144483218
246 red 0.09787625805593714 0.37627958367682723
247 red 0.9900469995570703 1.8420575442882092
248 red 0.9896277644342288 1.5089121923010502
249 red 0.2233071115238282 0.9454311751497918
250 red 0.3124304629951381 1.0907039607920657
251 red 0.7635598145556031 0.9502430740351387
252 red 0.6850169177130327 1.396880614837352
253 red 0.8789430911091659 1.0139613057194121
254 red 0.4696328535729807 0.8708766596705964
255 red 0.98800498263276 1.363352119048519
256 red 0.9173262091796516 1.3356910875125019
257 red 0.9549330798495062 1.026204372219567
258 red 0.48555476335521197 1.401546074310715
259 red 0.3374456142310649 1.3304291728102515
260 red 0.8520580187825848 1.8167856032191096
261 red 0.5205212880819942 0.6499027010736601
262 red 0.24027533194242245 0.46402005265255053
263 red 0.0546687450986032 0.10912568182632643
264 red 0.6227308428759761 1.00402232186013
265 red 0.6735232910406768 0.7113378581377864
266 red 0.8731219170972105 1.1860821832724446
267 red 0.6270310347298204 0.7109311893942283
268 red 0.6258614760191845 0.8422556573909875
269 red 0.18283561583783448 0.7750324642756712
270 red 0.3049875047624302 0.8062642880831707
271 red 0.14987552552817773 0.6715740866113513
272 red 0.37492699850329425 0.45959058102510353
273 red 0.26030307713677736 0.6524278631587952
274 red 0.7915454925453397 1.638845527133049
275 red 0.5293337590275452 1.0915335177751224
276 red 0.8674119141911323 1.4635175151939275
277 red 0.7659043341015199 0.8931517754809688
278 red 0.7702402338538724 1.3963228770943532
279 red 0.38047438060993033 0.39375001797881226
280 red 0.866196746366311 1.7140246897450455
281 red 0.8071170316681123 1.7618074114545672
282 red 0.6231799596113711 1.2687706992820598
283 red 0.8814650994512822 1.7645745967698676
284 red 0.7314462935069753 1.5456990918784648
285 red 0.7726809585153638 0.8399683776537911
286 red 0.9579123145491529 1.6605753107101058
287 red 0.6405044759586357 0.748292968519956
288 red 0.22212500139686997 0.34983750917201895
289 red 0.1799384457407388 0.21650228478755207
290 red 0.546766502852269 0.8275870059851267
291 red 0.7453382438345235 1.7435015600643606
292 red 0.9662111574227188 1.8865039665643715
293 red 0.22925921407458816 0.8043228966899192
294 red 0.3996224125654473 1.374423267289055
295 red 0.25497944339770684 0.6528410112915989
296 red 0.8598621426681511 1.2163172642979179
297 red 0.07668737605480935 0.17309347875497472
298 red 0.846681249643643 0.9368388032790825
299 red 0.9988009377307167 1.487992537302607
300 red 0.6710560721326212 1.1235048944102193
301 red 0.5227433500719514 1.0838788908311752
302 red 0.33837014423737866 1.1126369635657507
303 red 0.5893133474602857 0.9750414684495111
304 red 0.41388559874858855 0.613569540619124
305 red 0.4104937914789677 0.7902524160065683
306 red 0.6501660823365388 1.3377163383506543
307 red 0.09865014122667815 1.0385579485756316
308 red 0.6847162350042778 0.7110872973209116
309 red 0.22084909511166106 0.79507730238484
310 red 0.2753951964523841 0.8274562363094125
311 red 0.7755588569880733 1.4440676179103817
312 red 0.8258614114451102 0.996437443967517
313 red 0.08809257622647582 0.9446612948764841
314 red 0.6458071414239117 1.280818666899312
315 red 0.43638028760605396 1.1836184839480897
316 red 0.6415030947513616 1.6019709150429835
317 red 0.5612773732791705 0.9332731155771745
318 red 0.05642334545637662 1.030409122258202
319 red 0.48461626552146486 0.7297524509602105
320 red 0.5967195641683977 1.010334197259895
321 red 0.15004707857233568 0.9849379530903839
322 red 0.08566196310243157 0.10914070858232972
323 red 0.9115639090114319 1.2343225691740276
324 red 0.6352100019605845 1.4276604081728093
325 red 0.00876729105528995 0.21343753792980658
326 red 0.21984395398260925 0.5678488625220488
327 red 0.4802934715545537 1.1498034415563176
328 red 0.9218530470094131 1.4790926936576483
329 red 0.5390926794751014 0.8766386034179547
330 red 0.9180624423744365 1.5973010847426876
331 red 0.04753443014806891 0.6482038547509957
332 red 0.20659661983399047 0.8042173885851401
333 red 0.6186156424233522 1.5802602311979688
334 red 0.3534579393660321 1.1576937880565839
335 red 0.00983952950601752 0.10032850280200445
336 red 0.3614115269502327 0.7823640676567739
337 red 0.848050195509623 1.7425684679284301
338 red 0.4025708684668472 0.825866171043865
339 red 0.33763667136587716 0.6539318287296512
340 red 0.8792069258452415 1.7613302375537159
341 red 0.23279191328435178 0.7037466473269295
342 red 0.19465432116038905 0.6296801636745986
343 red 0.8952232988906244 1.606477446592051
344 red 0.9610664953625314 1.5656366479477763
345 red 0.7416064410350884 1.0230026060942787
346 red 0.5646175532202874 0.5656243912173736
347 red 0.2831575463253505 0.7101398089382261
348 red 0.030274106156711333 0.7873864496616162
349 red 0.21267190422946947 0.5969301086066197
350 red 0.16197590976656662 0.8773763186711462
351 red 0.8958245754614385 1.821667242174927
352 red 0.07102481301523733 0.26578215376661307
353 red 0.6732386222117152 1.1021267122478835
354 red 0.8718819944155436 1.4358428236854834
355 red 0.08966340708858156 0.34612891990914985
356 red 0.17279932520822672 1.0323926841132152
357 red 0.9681833705658831 1.3407099022338418
358 red 0.12122930537408905 0.7430949802935525
359 red 0.5659814210136659 1.0596017663646995
360 red 0.6604374459106496 1.4741689326555352
361 red 0.28576297701142894 1.2742187211554512
362 red 0.6544785388381328 1.2306928583506265
363 red 0.687581072349014 0.7267017394314546
364 red 0.7546062539490446 1.2295408694229966
365 red 0.5897852655785643 0.9555644889464358
366 red 0.558929603797777 0.6303794789868444
367 red 0.0834220601161787 0.3494810684190961
368 red 0.06661813079776613 0.7239689734778256
369 red 0.2013089603530097 0.328682041097884
370 red 0.2133252544397013 0.6628949796931598
371 red 0.3514370845568068 0.447333992091804
372 red 0.5068607617472746 1.4893617619409132
373 red 0.3194134371853036 0.92059427960764
374 red 0.2501036817574285 1.1806778493853598
375 red 0.40701163768314474 0.85935143181951
376 red 0.5197614790789935 0.6515180786258058
377 red 0.895587296027613 1.5035866630507222
378 red 0.67747918149851 1.1550599138506925
379 red 0.07858973773336153 0.6915504741686268
380 red 0.46904599712632666 1.349525229808779
381 red 0.5335917307274958 1.5137530488179922
382 red 0.44868911660946587 1.2537645257923242
383 red 0.4510850883773827 1.208819321322753
384 red 0.412279007070081 1.2219546754321375
385 red 0.11484898530071297 0.9252099478152029
386 red 0.662752325730832 1.6413076653029557
387 red 0.6159143626137933 0.7244299133898637
388 red 0.475561281662626 0.5945419512957749
389 red 0.266992883935925 1.2012296644245137
390 red 0.6745478111248217 1.4716143789526834
391 red 0.23270817877928285 1.2163572788305665
392 red 0.7789818075180472 1.096365444339311
393 red 0.046273910923609995 0.35873604278752247
394 red 0.06470218518602966 0.661050933880336
395 red 0.15070561214343714 0.307206486181097
396 red 0.32874643345445564 0.8084462496889521
397 red 0.04610411727619157 0.5220545721296415
398 red 0.5392536094457944 1.4522330914019974
399 red 0.21989266357742032 0.4584264050605372
400 red 0.7954499896635926 1.3421878029483914
401 red 0.7831526466857001 1.4014820821378304
402 red 0.8692243860110368 0.9935764342496182
403 red 0.5137770939118678 0.5936976961796914
404 red 0.4638996226156693 0.9798710480650755
405 red 0.5612076732625175 1.4123186758245352
406 red 0.032975710809240444 0.4716184231625743
407 red 0.321755599009107 1.196960725720509
408 red 0.029121159787839357 0.13752832394730696
409 red 0.9626331715905336 1.0891523858976262
410 red 0.32210835590480036 0.39038027142754483
411 red 0.8699662567268511 1.8677246151289433
412 red 0.15541721280303467 0.1864586459919032
413 red 0.1328159378863748 0.930011608674923
414 red 0.05482046882402991 0.7482140160609144
415 red 0.7043366141932952 1.2834229862215705
416 red 0.21742300757203503 0.6431273210603465
417 red 0.5559019392434941 1.516583239381484
418 red 0.5622335179596428 0.982288718410124
419 red 0.7513086977993869 1.7087046316784842
420 red 0.2910930986303698 1.2841333202046998
421 red 0.15193793844102843 0.963885096427704
422 red 0.9452661183704504 1.9399374653861567
423 red 0.9761559936940192 1.7820736791972864
424 red 0.9210598380186291 1.8031887631900934
425 red 0.9747774856189899 1.8189001967462661
426 red 0.8234140060074726 1.7245470605693765
427 red 0.6049991135968412 1.3360170331584178
428 red 0.6398660772306217 1.325751965573184
429 red 0.39832808943132847 0.8770130146256742
430 red 0.4673907788320658 1.3296924678083262
431 red 0.34874076000444365 1.2969259587104363
432 red 0.9298672107578652 1.0327424812249681
433 red 0.27406348550109305 0.6598209772177782
434 red 0.48341478579423347 0.8781385231671752
435 red 0.058061876868997775 0.5706616852408503
436 red 0.07802625328877588 1.0654615758425932
437 red 0.013053124358420987 0.6406987426017636
438 red 0.10624634053300142 0.2663637955919531
439 red 0.24775226890368218 0.8440905830458731
440 red 0.2363448759485669 0.696727222273217
441 red 0.20885468986719524 0.8028029847909672
442 red 0.8640346434539434 1.3049863687912053
443 red 0.18745378362059273 0.26585462997660947
444 red 0.09497465809377759 0.4212124836276676
445 red 0.30518779436149734 0.6632430389625988
446 red 0.4473895483035366 0.5343453446127073
447 red 0.9761343525815074 1.6173466747535432
448 red 0.8790998985536796 1.8750936901889694
449 red 0.909938990548759 1.2798789836574063
450 red 0.8721327467010332 0.9086185892011629
451 red 0.662499894013145 1.4297056006251458
452 red 0.8166942863763564 1.3412003916495792
453 red 0.8077425977844993 1.3000783101083089
454 red 0.10323122836396559 0.48511457005580394
455 red 0.784802363006973 1.0196543876657853
456 red 0.09942191804385825 0.35110155473439186
457 red 0.8339979593987217 0.9227784476790288
458 red 0.35999503059657834 1.0427725891083979
459 red 0.6371240022049066 1.2865753638677249
460 red 0.04373037174496941 0.6737564986092416
461 red 0.07612346929665215 0.9600908129521308
462 red 0.8752657287401961 1.3921814748507737
463 red 0.4540717090052214 1.1658940222822674
464 red 0.2828245903734211 1.1296992092727538
465 red 0.38458891151733854 1.2317769792022901
466 red 0.3328965282550238 0.40122157679543746
467 red 0.3179606389219718 1.0269239236746368
468 red 0.22803700918469227 0.8663314912133774
469 red 0.16456982226853267 1.1144189377855627
470 red 0.03665160613564944 1.0118676816400636
471 red 0.4463297138912782 1.2453972636134951
472 red 0.1820643742703404 0.21118301914011284
473 red 0.9142518255451649 1.1904105173755355
474 red 0.7854472795276178 1.0846211618740798
475 red 0.7935830209955114 1.7902622231642282
476 red 0.1934759182490079 0.41956737104584474
477 red 0.7957864775385349 1.3869461759665689
478 red 0.5998378250360127 1.4513623209235007
479 red 0.24215426616100766 1.0948415085376224
480 red 0.8661954575695487 0.887087976381818
481 red 0.009915973972524084 0.28049559472862495
482 red 0.7979095566944894 1.5176615852627906
483 red 0.11210738384810581 1.0044299844537967
484 red 0.10629521174754597 0.6365669611540605
485 red 0.7374075718022117 1.393461512048371
486 red 0.005556607861620821 0.8155001406943772
487 red 0.8623113293330861 0.9086151897861732
488 red 0.5810908620782531 1.334929203918668
489 red 0.12408762115346716 0.8768738466102601
490 red 0.7503780182338887 1.329216383589995
491 red 0.5111390736272616 0.6467050042995358
492 red 0.10173480928311951 0.5200098786274087
493 red 0.4601319846032884 0.7135379382841804
494 red 0.7603922489051286 1.018332972865543
495 red 0.14540649857043697 0.7834213521385226
496 red 0.04349623789963486 0.06906950021679259
497 red 0.8899209351303743 1.6277643847757362
498 red 0.7805838137075541 1.3145682100337073
499 red 0.6791325719067426 1.3331188641305325
500 red 0.8198703886617639 1.7034256499374651
501 red 0.23455388426800483 1.2081954088169278
502 red 0.487431639305581 0.959170416688607
503 red 0.4116406321245377 0.8395930506907414
504 red 0.9700094182202219 1.7799164012302309
505 red 0.8307246277582697 0.9355170562142026
506 red 0.7586673475340836 1.2320288284015062
507 red 0.444940321751612 0.943201027184882
508 red 0.4906721862377007 1.0190892848520066
509 red 0.38903093861441373 0.9739378803501264
510 red 0.6874984543295265 1.3711403522208543
511 red 0.255259317094944 1.1155548527176329
512 red 0.8459188846061905 1.322317199136406
513 red 0.7722891632730283 1.062475480687079
514 red 0.9479642973678044 1.0727751071172995
515 red 0.6177531291087581 0.9092550654487125
516 red 0.8509410152606709 1.3677673593785467
517 red 0.6015990475562938 1.0557267715511136
518 red 0.4545753603604409 1.0886461899681266
519 red 0.43098276277250247 0.9177716915305674
520 red 0.8345872481765272 1.6177637261928326
521 red 0.9546880260589884 1.0590597471071055
522 red 0.6359589187311994 0.8638440110233301
523 red 0.33851337716350116 0.7223090030790787
524 red 0.2968238561031544 1.2431439494668195
525 red 0.2702295929768519 0.4137376464268506
526 red 0.42391960207509116 1.3797774140753258
527 red 0.3758770999422659 0.4096727987095362
528 red 0.642310648421997 0.8380771506174524
529 red 0.92145374875157 1.590425238602443
530 red 0.9066602472202426 1.8140936422897063
531 red 0.8949150123337389 1.3499819595796867
532 red 0.19163267008546203 1.1538278117428558
533 red 0.5913206180141686 1.0218717254836696
534 red 0.5262045843890182 1.22202711039459
535 red 0.7904116686145788 0.9867397748989583
536 red 0.6113395936185901 0.7505604051617374
537 red 0.012017258244109819 0.6249430796590829
538 red 0.9467837569945196 1.5226902390897963
539 red 0.5840953942283907 1.254854380102529
540 red 0.36221413344630304 1.3362180884518273
541 red 0.6832144386544897 1.629879375558151
542 red 0.8768546343562151 1.367020902684256
543 red 0.47647595136632837 0.5579826562801393
544 red 0.20059105815651623 0.6873736377034662
545 red 0.5901683753579893 1.2377636810687682
546 red 0.6675623130763535 1.6078271844010938
547 red 0.8589648276947108 1.3726332915909754
548 red 0.21201026000814793 0.6055626360645958
549 red 0.828363414551255 1.751493070037177
550 red 0.967601003676412 1.2103303267875307
551 red 0.8974122957698224 0.9186449444714123
552 red 0.1957372188818064 0.6617044621081682
553 red 0.36995363447093577 0.4607098772996574
554 red 0.4482771323248008 1.3364457223704536
555 red 0.03074366619159008 0.7842408264741795
556 red 0.7986204805312299 1.4958297884806115
557 red 0.9684040071755687 1.6514434555416722
558 red 0.35828511976964694 1.3401708501187868
559 red 0.9545539120251749 0.9762871458878953
560 red 0.10538634501158672 0.5862782419813793
561 red 0.6237593688484016 1.1434004261452846
562 red 0.9077111866770825 1.1230705854900767
563 red 0.8547292801863494 1.0603068807093536
564 red 0.977576775198414 1.0478275598971578
565 red 0.8721758497807143 1.2668403844390541
566 red 0.8982455784328726 1.2638906480531917
567 red 0.28171987002410404 1.275651343273788
568 red 0.7252701764964232 1.112114203484238
569 red 0.12570030961301593 0.29042182751222456
570 red 0.3842241227546539 1.1233113579580416
571 red 0.5811497259534462 1.0045611558405378
572 red 0.13240002502736936 0.9683254313893587
573 red 0.8200948253314692 0.9487695606750183
574 red 0.6070502992995713 0.6278929440018637
575 red 0.845059764897878 1.8005419544078798
576 red 0.951410035247173 1.3309353181627197
577 red 0.932726577053913 1.2617798634518356
578 red 0.7146388593009956 1.2740837309333166
579 red 0.17796316045825555 0.9829791613707317
580 red 0.7666789239010875 1.3045193444392256
581 red 0.629258244707246 1.5968088883409997
582 red 0.703750222028851 1.2632532630618254
583 red 0.5147110701179204 0.9672204084196724
584 red 0.7345192017510304 1.0186666465615923
585 red 0.2890513757359463 0.36435341192202775
586 red 0.9825290444382812 1.1875883193649024
587 red 0.04983533819486574 0.5257269476550298
588 red 0.9916695872546384 1.7946231037146365
589 red 0.7249964857981289 0.8201789164130512
590 red 0.18392986540448697 0.3377344881988079
591 red 0.799812274949874 0.8694467895908207
592 red 0.34799448218015994 0.39672754835942226
593 red 0.1540472272664316 0.4503560374693121
594 red 0.14523588978049495 0.15249038884456345
595 red 0.9976315855814513 1.6142469596818574
596 red 0.7626693942704229 1.4329459636222892
597 red 0.5438913200523322 1.0540762392109957
598 red 0.011240293341450824 0.39368346736691595
599 red 0.5873094112718338 1.5658599476218695
600 red 0.6283587402180771 1.3074390813279928
601 red 0.07327288551641176 0.6506268424638155
602 red 0.507128665155055 1.4952916705707973
603 red 0.14663001430326317 0.8135682351886114
604 red 0.7562916123592744 1.4183196023285858
605 red 0.5425693543463673 1.417734655090662
606 red 0.1936179297923244 0.6842833126409642
607 red 0.3869505085390783 0.7417151033314179
608 red 0.8232572066591634 1.3436700151933625
609 red 0.957507631842326 1.6862427199758907
610 red 0.6215013613624477 0.774997023506126
611 red 0.8145023821525382 1.2313832654783574
612 red 0.0658671986433711 0.8547751837345687
613 red 0.528408890140833 1.1435138260177151
614 red 0.43173766127055513 0.5156415642371557
615 red 0.88047954922194 1.3958168229590873
616 red 0.9664342037626599 1.0718012063759472
617 red 0.010913563249474456 0.5549168245455666
618 red 0.40674114156975705 0.619768090534835
619 red 0.630731887040078 1.4314088645104177
620 red 0.2998797047886379 0.7515115529614478
621 red 0.5702034750731748 1.2676560645675135
622 red 0.5045432457877128 1.3616777019008315
623 red 0.4154205524125636 0.6446784161589204
624 red 0.892728565638212 1.5491197308894527
625 red 0.4585209592121149 0.7188498751151333
626 red 0.8265458600349237 0.9440635815446823
627 red 0.9861656475029867 1.6324733806753966
628 red 0.08590063579545992 0.21994236905217524
629 red 0.04293577431581441 0.8566139897369053
630 red 0.19804941831327805 1.0422434988603138
631 red 0.4521367183245396 1.3726326450586046
632 red 0.060893877334105784 0.47065636226289365
633 red 0.8601700720248914 1.7209129453116097
634 red 0.7205421581956154 1.684737262780477
635 red 0.6863156752593611 1.0778528830482759
636 red 0.8656587412084874 1.3587185537667361
637 red 0.6414529275517425 0.7687767452574755
638 red 0.7929070210195983 0.8438814953836443
639 red 0.6091589663076393 0.9511624483531879
640 red 0.14013561113036754 0.993805955523518
641 red 0.8698182224771873 1.2055467423795858
642 red 0.9321226330466852 1.4707604362009852
643 red 0.6138909438923509 0.875441697920624
644 red 0.3230103668869251 0.4247389976524716
645 red 0.5127061661310738 0.6549334993702292
646 red 0.8929630209587469 1.0429351762685457
647 red 0.6111774507896255 0.6295517402275789
648 red 0.08105426007082395 0.8502363303271889
649 red 0.12328429321579382 0.33481321839311196
650 red 0.31075636876308765 0.6525240202695082
651 red 0.15172871809563393 0.6081596309389331
652 red 0.7951428055121107 1.6697739113396657
653 red 0.30282883153325213 0.45639904013618504
654 red 0.5720894674865694 0.7570186216092842
655 red 0.06513046987131743 0.9445403437765385
656 red 0.1658411655989187 0.3905483570439734
657 red 0.16280597820431764 0.658484369951979
658 red 0.2366470508870726 0.23799278575108085
659 red 0.5815275781258027 0.9768314212751047
660 red 0.5676870021178559 1.1109521175850285
661 red 0.9924887843480747 1.3703249860079025
662 red 0.9983200420947874 1.2229994446068684
663 red 0.7203706230102513 1.1083123013692826
664 red 0.2544118284407598 0.8060410549647882
665 red 0.4002895507861005 0.5167206539814126
666 red 0.9945514159801363 1.0209545077900533
667 red 0.05132558342450433 0.6494869232245022
668 red 0.8342679062138122 1.523267375838131
669 red 0.42089387053180083 1.390914598453446
670 red 0.0518356545109494 0.8274340868731709
671 red 0.25908962696310056 0.8238884323024588
672 red 0.988184449522989 1.3767676002184241
673 red 0.7880324369061542 0.9862271704853482
674 red 0.6585194699385286 1.1097956304955203
675 red 0.7745334431553897 0.9860253538133755
676 red 0.9628283233229137 1.9012645609583072
677 red 0.6495617140558487 1.463834425239156
678 red 0.2227534015542756 1.0029536368642913
679 red 0.4104834474025163 1.272391412413759
680 red 0.2906255379655802 0.8342013337665043
681 red 0.4623354761956988 0.7212607376869908
682 red 0.16567945338738999 0.9372426951364692
683 red 0.7194553391910277 1.1740291435668606
684 red 0.23684654307187802 1.139783963420081
685 red 0.8096073465783092 1.3937164290319408
686 red 0.797816959940387 1.7899064017922544
687 red 0.3625550497364266 1.0867213803987281
688 red 0.899614543997171 1.7558043760774884
689 red 0.6725787536583133 1.1369259935397475
690 red 0.9806193922804686 1.1772073839675887
691 red 0.011080693131081953 0.19402848960258368
692 red 0.8746147211967692 1.6207849479030014
693 red 0.45992727679048784 0.8769833567954369
694 red 0.021303065147585176 0.15667758048100355
695 red 0.5048194402569113 1.225670317299451
696 red 0.8719158861525497 1.551401034555151
697 red 0.060231858162452134 0.22476053904115423
698 red 0.1231172550525731 0.7431751573970234
699 red 0.884428430239852 1.0799079172265507
700 red 0.43784192590947757 0.9675481671608419
701 red 0.6262734113715742 0.8374953881248539
702 red 0.5091839899324266 0.6842182502372154
703 red 0.9952026115627549 1.4286297308728098
704 red 0.7781450293950848 1.763085372658888
705 red 0.4849653166735651 0.8688903988155754
706 red 0.8508475243262801 1.466192381863189
707 red 0.17144748584840752 0.3850223382279574
708 red 0.08304640692841425 0.9347472697817011
709 red 0.5407665212692346 1.0257867365004163
710 red 0.3769505330220634 1.3068456941810163
711 red 0.19356507207338125 0.9327310514619331
712 red 0.19390621989298995 0.6538618878895887
713 red 0.09679553301157007 0.6825125665726575
714 red 0.9654626383611118 1.7582003912246904
715 red 0.3040999352258259 0.8135439953772358
716 red 0.3704996103614392 1.0596838730592038
717 red 0.7947796874529693 1.189276515280591
718 red 0.9184842328668315 1.7803235226386667
719 red 0.7176988307207666 1.2139527326753188
720 red 0.7274309248862247 1.4925655723455762
721 red 0.9427085082080864 1.2975119379209339
722 red 0.4057153653089194 1.3207882938841218
723 red 0.6408190437242313 1.6054943263436021
724 red 0.6600886976141703 1.621971042924244
725 red 0.32771963782588187 0.919404010888165
726 red 0.7452665394271923 1.0786276620939343
727 red 0.1436380432600376 0.8670912682966714
728 red 0.894178799330233 1.4346063050348365
729 red 0.5445694852987806 0.8802114987346364
730 red 0.7301384146942572 0.8885983932465865
731 red 0.08405485488995545 0.4658890254419914
732 red 0.010521861007932842 0.07499091128602975
733 red 0.7317714015479709 0.8656979401849613
734 red 0.2914087668831111 0.8710718212312669
735 red 0.44923947974145695 0.9760729807823136
736 red 0.7565186834972601 1.136311370302065
737 red 0.14274797488360724 0.6747573794356378
738 red 0.1770216308959952 0.24597107724074074
739 red 0.8018936282838921 0.8195286255130909
740 red 0.46976399542339986 1.0757582552923215
741 red 0.35004229904601314 1.2668363169408678
742 red 0.8811619346135253 0.8827042645556785
743 red 0.08184554560392132 0.8711909662182773
744 red 0.7101707811034115 0.9402569829114853
745 red 0.5551544604643063 1.5527635402090336
746 red 0.24837547220912537 0.31831749076414084
747 red 0.35876665225918647 0.8007975162749799
748 red 0.6765827094216802 1.5804519125592427
749 red 0.3510179123481607 0.49966153259670587
750 red 0.3812392680192246 0.6512741092127181
751 red 0.6907402838839132 1.37483745114251
752 red 0.5549993658436531 1.4547285706249176
753 red 0.8434420787661749 1.335873297449199
754 red 0.24846338032875892 0.7055167826167857
755 red 0.14581077463419057 0.1693510822518336
756 red 0.2423935482310141 0.2588645327142759
757 red 0.2775892323124115 0.9990763810266733
758 red 0.5023062444957914 0.9774136727348921
759 red 0.24384351938704552 0.5164752258381003
760 red 0.9274367191355393 1.0486707389835286
761 red 0.4121424034617295 1.3819951113391862
762 red 0.7465493801065753 1.5649487110617355
763 red 0.4075266168364545 1.2049274243027066
764 red 0.7418352832029778 1.5362730061975904
765 red 0.8349647184591538 1.2302631802181128
766 red 0.9159854452823462 1.5211485685702768
767 red 0.3335071461233656 0.6988900568527953
768 red 0.1874927046627246 0.5153208270845634
769 red 0.6018721869395327 0.711498228231057
770 red 0.689047618465201 0.7510368263744219
771 red 0.11793966686874746 0.8420301943523419
772 red 0.3572598824927746 0.5055249570914845
773 red 0.26133511482831506 0.30364057283889945
774 red 0.6891874433257577 0.9395931515067188
775 red 0.4577252261643998 0.7470826580681903
776 red 0.4699242166314158 0.8122366277260001
777 red 0.7650084514337909 0.8897990666525672
778 red 0.8205293639588808 1.6538027904901944
779 red 0.8942172023567407 1.016500116609585
780 red 0.429687659953667 0.662593362551758
781 red 0.18448246028654625 1.012602920268169
782 red 0.47560162739567524 0.8816740571755785
783 red 0.2831553137704379 0.5697072874260772
784 red 0.7836500925417339 1.7015006824289913
785 red 0.44469614939311475 0.842176860235736
786 red 0.9204388039497561 1.3811246065832077
787 red 0.7052970579722824 0.7843260653421086
788 red 0.4598255064525385 1.3089106350989748
789 red 0.5989589975831836 1.2335342400942544
790 red 0.4656373142693646 1.1264505210811995
791 red 0.21760458768554358 0.37121093071810485
792 red 0.26549967647764505 0.6358665153683112
793 red 0.15832271783943952 0.6822396915485174
794 red 0.4270177861004171 1.111831160733666
795 red 0.9481675733396623 1.6920374639784463
796 red 0.612136924756213 1.5436789845991705
797 red 0.21197864311201553 0.3809921957753901
798 red 0.6279624693673965 1.1221352589199514
799 red 0.9528444917236846 1.2377761277042953
800 red 0.08360783518658721 0.13239776840058903
801 red 0.4834893274742351 0.6145115968126847
802 red 0.1178026472946524 0.778046737718722
803 red 0.5889072319370453 1.113620606955071
804 red 0.2012910217584113 0.407425752872428
805 red 0.3937216749242226 0.9223260901446643
806 red 0.7828724594259624 1.6121606418696093
807 red 0.7559419720773715 1.4106366704813327
808 red 0.6073369185903226 0.6210851218338391
809 red 0.4280861890703299 0.9128475046168393
810 red 0.4784394617347828 0.9873278789551841
811 red 0.41277567240497604 0.5168145604382914
812 red 0.8411901139576148 0.9370224001105399
813 red 0.8299214105388749 1.7032167284980988
814 red 0.10424932401347531 0.7981834007675127
815 red 0.4265670769497124 0.8188573072936634
816 red 0.05422653040095626 0.31863400145683096
817 red 0.6238989920682775 0.8681983061741106
818 red 0.39799394979084024 1.215527889700485
819 red 0.9966334815618255 1.4772992338842683
820 red 0.6816898380929091 1.3190214411998864
821 red 0.7953177328963309 1.3670622645498982
822 red 0.4556119358797882 0.4923303900579088
823 red 0.8632998758374408 1.0952719183197046
824 red 0.7448924884826519 0.9215025607628012
825 red 0.7888759892259408 1.134245953128196
826 red 0.11497260233616424 0.3431916721597158
827 red 0.618334971741944 0.8273950525722155
828 red 0.6731479864645568 0.749546943400069
829 red 0.12872649020672644 0.46698751337940503
830 red 0.4402319959114658 0.5468246012142547
831 red 0.5898874340320404 0.8694788576647432
832 red 0.5344075895807535 1.1513826722396097
833 red 0.6803635728172496 1.415894072118037
834 red 0.6848253739999625 1.0478183564383983
835 red 0.011157001129857291 0.6806087932988026
836 red 0.9822871403001522 1.9253040459940627
837 red 0.9339881267855378 1.3879610821871533
838 red 0.5021207481448777 0.8503675772621646
839 red 0.33836243791304876 0.8778070119944343
840 red 0.8200322253354245 1.0564010843337401
841 red 0.17187830838327578 0.41465631827074545
842 red 0.2974991988954939 0.2996140994747363
843 red 0.6980941892915135 1.6311521861761213
844 red 0.9936894499175868 1.5277181544408693
845 red 0.135933342504037 0.31811269064840064
846 red 0.22023874595710913 0.5759807394139732
847 red 0.18675960588670315 0.7877317132364933
848 red 0.42780759253001577 1.2256374024506163
849 red 0.5642350271055857 1.4575791413266632
850 red 0.8763291496596636 1.4656924628392143
851 red 0.40728379651567026 0.6129239518709382
852 red 0.4521138682951097 1.2124959656064411
853 red 0.8178252321071806 1.4193256267654566
854 red 0.77208400191404 1.01836091431786
855 red 0.9502324582182637 1.3493922939097462
856 red 0.7882243829206683 1.7253459813446819
857 red 0.9826544543044099 1.4798576894638678
858 red 0.4009235541038666 0.5987491635434302
859 red 0.756228986663717 1.1496197959102101
860 red 0.8191632035050694 1.4060944648795037
861 red 0.8270120650530002 1.4297328713286324
862 red 0.3972812356699075 0.5914034662016582
863 red 0.1538236124426231 0.21045397263033105
864 red 0.07158943066893053 0.16072996851656174
865 red 0.44183703257836837 1.4320861246345151
866 red 0.6528539151759667 1.0972098419838048
867 red 0.5027320344562038 1.3053513613589707
868 red 0.18838389551623358 0.6180452121358501
869 red 0.5037676562886454 0.6984877757138137
870 red 0.6441365389638075 1.1274687543145328
871 red 0.2918179798435132 0.4633787359447946
872 red 0.07486750269166775 0.21050539826249404
873 red 0.1914584598618403 0.6717428704269586
874 red 0.7898400137917183 1.7771627128408671
875 red 0.6004324375567827 1.3872714932771064
876 red 0.17566029474909128 0.6221668554243248
877 red 0.5856792007124835 1.126102794922034
878 red 0.8173815597563222 1.2966975915622228
879 red 0.13492625533115987 0.32765529080937195
880 red 0.6635423033297471 1.6523752602953312
881 red 0.35433867490037807 0.7898992655891066
882 red 0.8963293728436013 1.7392190443806375
883 red 0.0008021503084532089 0.5394811545602466
884 red 0.7662799507505282 1.2674142938844986
885 red 0.9037570052289605 1.3400493992657334
886 red 0.9671932216718256 1.7762487836291232
887 red 0.8783411405956472 1.8647596489940077
888 red 0.9405326985522062 1.0678962730729573
889 red 0.4872309119960715 1.0727934517807005
890 red 0.555950531139421 0.9054584113117663
891 red 0.2880316439841967 1.0493036794070663
892 red 0.871814825217087 1.0039423204318758
893 red 0.41388175100788194 0.5003753915784287
894 red 0.8883312007806543 1.3342843940723168
895 red 0.6305085368024912 1.0538461146345548
896 red 0.7355156625816263 1.6558413928215623
897 red 0.29577326590907727 1.00616984775292
898 red 0.2895706581347016 0.6848734672980971
899 red 0.6469178055921345 0.8480897412386285
900 red 0.042957608298818895 1.0415895777408037
901 red 0.4082503997315444 0.7015718200367984
902 red 0.8841419068921436 1.8299833210072038
903 red 0.23686027235781648 0.6746960071955375
904 red 0.29073006141038515 0.7617004061462023
905 red 0.2717908800739345 0.9090243385183443
906 red 0.6299282942863844 0.7770800948455482
907 red 0.20440522264253735 0.7283986554404729
908 red 0.785600913514742 1.6421430588068155
909 red 0.9612776001323572 1.152821247163329
910 red 0.27963017035123217 1.0036050471932545
911 red 0.9333932259087464 1.0935497571590935
912 red 0.5274197214067504 0.8649703186651274
913 red 0.4706399881272323 0.8667620261793056
914 red 0.15624996271238523 0.2443818185250125
915 red 0.9870538414638846 1.339120712975218
916 red 0.1658791802866436 0.4165976612800477
917 red 0.39551267085208386 0.524246221433888
918 red 0.7199639734157529 1.680279990298292
919 red 0.8437443091418304 1.8228893277836224
920 red 0.802064012252446 0.8631716874539492
921 red 0.05404533396083189 0.41171473416288284
922 red 0.14970857335457632 0.4503810013810382
923 red 0.6046799907631092 0.8989601717520447
924 red 0.01276029248443733 0.7303917236630411
925 red 0.5756583616243228 1.2304648717009339
926 red 0.31880378479773186 1.0598303808210678
927 red 0.5261004899502715 0.6822490748278025
928 red 0.42907825229476426 0.4635770785438139
929 red 0.964399756118598 1.2728035117939989
930 red 0.8891791735000336 1.5427508862727
931 red 0.08046943409790508 0.5922713535375123
932 red 0.47266139185213596 1.0737566979163913
933 red 0.9902004478521292 1.8205849771656468
934 red 0.6625779459621834 1.127224984905104
935 red 0.6324525801955135 0.9900921931778425
936 red 0.5080506255841148 1.108989220962496
937 red 0.9888843717031285 1.7546002752495113
938 red 0.507076824133529 1.04098661797003
939 red 0.2051539103551011 0.5635861671491172
940 red 0.5447590065967304 0.7222170604368008
941 red 0.22297602835929353 0.6922806593544536
942 red 0.25898959069763194 1.0974002478451523
943 red 0.3423520049031358 0.6373692170707198
944 red 0.6295944851442782 1.0149048033525387
945 red 0.43089268716841633 1.1897045914666644
946 red 0.37929085829380804 0.9438563293418992
947 red 0.7209868521719597 0.8108862162544733
948 red 0.5805764155650299 1.5512189939905312
949 red 0.27067588477800697 0.5994478750409916
950 red 0.8161159623028054 1.638552313409058
951 red 0.5310519239434286 0.8860468678828238
952 red 0.9559943824269018 1.6590856212083271
953 red 0.9463318395487779 1.5410827677158836
954 red 0.18329894008203462 0.5271295308042399
955 red 0.7378907741348558 1.1176836511869936
956 red 0.541988430585945 0.6805086040865296
957 red 0.6572289246006192 1.1007345486012043
958 red 0.06215339709372791 0.8171307740094663
959 red 0.7743979575426859 0.8045222229177991
960 red 0.2695685945587796 0.6393620591505801
961 red 0.9757728526596593 1.2721851149795769
962 red 0.325789804481152 0.685159561728722
963 red 0.599892410925142 1.5853051785462915
964 red 0.7749310345293313 1.7381561805168415
965 red 0.6493444701560392 0.9270568521041168
966 red 0.9539813127217399 1.0501736715122294
967 red 0.3102035862764896 1.257429674115335
968 red 0.9213405411637917 1.081594727181682
969 red 0.6401256311672646 0.7936407406263305
970 red 0.9889013428893597 1.2264177526031625
971 red 0.22641487713182462 0.676794501422036
972 red 0.520134165711004 0.8823686892721172
973 red 0.11308483950418424 0.21017527572608452
974 red 0.1922481947759832 0.3531893616199493
975 red 0.7900261426995459 0.8522611774890508
976 red 0.5121718046346498 0.8367104064823508
977 red 0.40382567167358163 0.8337630115882102
978 red 0.5915606864487661 1.126242141223306
979 red 0.4785921443327904 0.5127554735517921
980 red 0.11092119826287983 0.9869774968028346
981 red 0.5489636152868101 0.8470156005463491
982 red 0.8571892653991597 0.9168608809558866
983 red 0.08576260563390647 0.5770827550108619
984 red 0.7039650169037472 0.8743196301142929
985 red 0.4373297954626575 1.0059645579276482
986 red 0.18819098264120337 0.47431377099007577
987 red 0.7482655634338455 0.9004059431041986
988 red 0.9458263253664116 1.0646006170476578
989 red 0.6512117196750685 1.0078225311601177
990 red 0.31306957093368815 0.9648227490433672
991 red 0.6379223240268197 0.9805096638504744
992 red 0.9460202159103089 1.101132233081285
993 red 0.24916087797331032 1.0602431541773663
994 red 0.9023130600395832 0.9527658831177225
995 red 0.828704011986138 1.3586446936534204
996 red 0.3860378135399799 0.5643459092576781
997 red 0.8003700518348391 1.6537449198372633
998 red 0.6621465049354572 1.6555513697537245
999 red 0.2960077013920337 0.43084309507981555
1000 red 0.34098705005101093 1.0229545203737658
1001 red 0.869460935537436 1.7549878442541342
1002 red 0.9202376127952082 1.5654975703393275
1003 red 0.9771778081509204 1.0102016775416034
1004 red 0.3581434116784983 1.2669182967515995
1005 red 0.167022864835642 1.0225384192140368
1006 red 0.8094072061336357 0.8639619747885732
1007 red 0.6936550909511261 1.6154385451849405
1008 red 0.5478697667242821 0.5684300441690542
1009 red 0.03671088487155805 0.3308905097806989
1010 red 0.6741278402362395 1.3602792044043905
1011 red 0.09646771979390123 0.1204673613118975
1012 red 0.22852158309619475 0.8387306842844062
1013 red 0.8467832467159856 1.7197971181411216
1014 red 0.3800795724942855 0.9538952067639124
1015 red 0.8024011750449174 1.1241675805743663
1016 red 0.6933511327520069 1.211006646983384
1017 red 0.35151563494779325 1.3089120171684092
1018 red 0.49162391075939293 0.5276068359188059
1019 red 0.5969214004511357 0.9261168387241439
1020 red 0.9381308243167391 1.3680326240257066
1021 red 0.7664214142232519 1.047655533399976
1022 red 0.4183093357782044 0.5271687274899207
1023 red 0.21433981198684637 0.22862452048077864
1024 red 0.30475196811741867 0.5696294481058647
1025 red 0.723657424229101 1.197948694902186
1026 red 0.9178272565254806 1.9141719692109695
1027 red 0.8815238049400047 1.7149900025053784
1028 red 0.8865872252999301 1.5230643551491534
1029 red 0.8454684807819399 1.6682200135080816
1030 red 0.5394314204288397 0.6517979852765216
1031 red 0.21008150770610612 0.40022300279507494
1032 red 0.6617963948360663 1.1562120148718507
1033 red 0.09912569623113443 0.24843348329150416
1034 red 0.171226832594096 0.43662399790066986
1035 red 0.5485686784094632 0.7324163048008645
1036 red 0.7378593262225922 1.6568174961298898
1037 red 0.2568556216359916 0.8640306740787825
1038 red 0.23251011396249355 1.0214738241066965
1039 red 0.894022320885611 0.9194840954395243
1040 red 0.8151054060988026 1.4026334741699547
1041 red 0.10952312304277434 0.6899850090858399
1042 red 0.06575940233003408 0.09180233604254562
1043 red 0.4398444056060721 1.4003471341814695
1044 red 0.7753811167661069 0.9634638122822524
1045 red 0.5692539911560002 0.9733248930621619
1046 red 0.2895834399365813 0.6025511314822918
1047 red 0.8042781396848891 1.2900853023735395
1048 red 0.540003533160164 1.2086507190154756
1049 red 0.13710370313107578 0.9748039343697891
1050 red 0.14600375408570088 0.1905874036317866
1051 red 0.8125727877273597 1.365987931515746
1052 red 0.33239952314494003 0.5992142463674576
1053 red 0.19253052474579213 0.7584172943523172
1054 red 0.2557814058663146 0.8572828689894781
1055 red 0.9757926863304173 1.3275842378305687
1056 red 0.2517667937540947 0.6075721217027849
1057 red 0.060008879431967976 0.8395530304528686
1058 red 0.08371494882985797 0.5303311400460556
1059 red 0.26944297887088775 0.42754009829533424
1060 red 0.4934006532071421 1.1010753048808848
1061 red 0.7871307137963625 1.6077189405831143
1062 red 0.1678991064571579 0.4387552422601321
1063 red 0.3300745763199946 0.9004125822801086
1064 red 0.4061311501225078 1.1376933483661695
1065 red 0.6039575074351633 0.9054856782375479
1066 red 0.008056597931081488 0.23420827017394497
1067 red 0.23788241185938064 0.36402434089316704
1068 red 0.2538340935943598 0.6264313179557639
1069 red 0.7460661950533691 0.8572286998731112
1070 red 0.6257173684921347 0.7824129111484088
1071 red 0.09897641213066588 0.9010953170631398
1072 red 0.43351488584473585 1.3431480109250828
1073 red 0.4369077860648811 0.5581893858037793
1074 red 0.6675037577923953 1.142397929899948
1075 red 0.8068209796991577 0.9656322795274132
1076 red 0.8991292151528223 0.9802404425841089
1077 red 0.8070389494922464 1.3381309488040047
1078 red 0.9185192103533348 1.2342221470934556
1079 red 0.8517976222199405 1.1416730023928503
1080 red 0.4045596954827745 1.2772846570728442
1081 red 0.8915924128806291 1.1305532499157354
1082 red 0.7626112926955244 0.8018972738507228
1083 red 0.6000988183117605 1.5273545978649787
1084 red 0.36811191709531077 0.4527016086837464
1085 red 0.9159589918208831 1.1785518072303844
1086 red 0.5481605457098221 1.0193539807439342
1087 red 0.12856612741509355 0.6622112273181614
1088 red 0.8113732603221674 1.0466171595623706
1089 red 0.6242536133137744 1.5180943894109538
1090 red 0.7600183651774561 1.1229115608405793
1091 red 0.016199445396438916 0.8763684429578636
1092 red 0.1004325255439874 0.6640614155466369
1093 red 0.15583595365726777 0.34281508661931237
1094 red 0.2837913913345401 0.8140385061992602
1095 red 0.7038921170581148 1.545240545335313
1096 red 0.9959046173248665 1.2099112200280677
1097 red 0.8051570254298989 1.7482415932613082
1098 red 0.7665260000157649 1.6792445040525994
1099 red 0.1812280351691936 0.23508462997428847
1100 red 0.7815027949509941 1.119187197040162
1101 red 0.6261901381219535 0.8398673577684177
1102 red 0.5722672691795774 1.076242110113062
1103 red 0.9892559011224885 1.3315715552469052
1104 red 0.07605633979938375 0.5235959380332665
1105 red 0.5338578472237485 0.7216365569415288
1106 red 0.7105620027966761 1.3645176106394632
1107 red 0.5507333736010841 1.3773382222364052
1108 red 0.5640287804557332 1.0489468122194634
1109 red 0.6287903297830774 1.4614242985386316
1110 red 0.5285521062636032 0.6034554293584063
1111 red 0.808903952896953 1.3394810643458934
1112 red 0.589337830202576 1.4723324555180421
1113 red 0.6124931339733874 0.8263935386207042
1114 red 0.7171517299808505 1.5208323256037963
1115 red 0.028730754295742456 0.8783835474160026
1116 red 0.7131822669194611 0.975904726493687
1117 red 0.05890557857563916 0.9178440673672353
1118 red 0.9283049030171768 1.71463814689377
1119 red 0.1491611052725056 0.9100600058490559
1120 red 0.4000245089078921 1.1110712913974845
1121 red 0.07547274967064754 0.26605887049667354
1122 red 0.844542804962493 1.47457307652507
1123 red 0.28064766704726374 0.9523342567160024
1124 red 0.5568752101051283 1.0130279228802563
1125 red 0.3932422507967587 1.2349251374601393
1126 red 0.1724165318642663 0.37235625117990057
1127 red 0.6163081947329363 0.8723517435426673
1128 red 0.842876575725961 0.9281828664734024
1129 red 0.04322916427932777 0.7503072944175895
1130 red 0.23681310420215507 1.0681388550244424
1131 red 0.7808320824062329 1.2541155331916118
1132 red 0.5592231770625258 0.9787452972450441
1133 red 0.1299984271772987 0.14794758319542844
1134 red 0.5615332875719182 1.047957903403015
1135 red 0.9296019727846424 0.9848702709603415
1136 red 0.4618740424173886 0.6008627268988627
1137 red 0.4847433312529633 1.1030708187474456
1138 red 0.8077479147603828 1.4389706641960558
1139 red 0.3749431971297488 1.0621477439178442
1140 red 0.5409896785955014 0.6156620713396415
1141 red 0.18068512982343454 0.5286585545936209
1142 red 0.12016497164771778 0.8440452855037396
1143 red 0.41707171684708855 0.8013820638625827
1144 red 0.3314334637419565 0.4163009896996811
1145 red 0.7877781121242597 0.98175536094792
1146 red 0.2245149355205569 0.702177810831444
1147 red 0.3452039595451095 0.5341468852730465
1148 red 0.7585186722785369 0.9440041812438364
1149 red 0.5583441449295158 0.7087121367046714
1150 red 0.41085090880598973 0.9871274378929267
1151 red 0.8032951981877601 1.297560252913987
1152 red 0.010148843803600482 0.5371250660286376
1153 red 0.6887231565254397 1.3034201182202234
1154 red 0.09299043050091338 0.8430676258491808
1155 red 0.6471269875135635 0.8424602734727688
1156 red 0.10819514133096775 0.910738060454958
1157 red 0.6573994077163686 1.0338708178238258
1158 red 0.5114697580693877 0.9084852624984275
1159 red 0.7846883820928288 0.79110504962232
1160 red 0.9577902620888469 1.5614832691390848
1161 red 0.08824690493882381 0.2475383736361373
1162 red 0.6003206295852992 1.2478114616785883
1163 red 0.9924542618888899 1.2948057248655802
1164 red 0.4332849164342619 1.2746076783571776
1165 red 0.6321714938587415 1.1349453458957077
1166 red 0.8682560660051453 0.9655376855805567
1167 red 0.7264245723974221 0.7576361562026113
1168 red 0.9218967625593504 1.818493608746108
1169 red 0.27204796270159104 1.211521758888478
1170 red 0.9627614742427039 1.237753604386922
1171 red 0.4339222200046148 0.834452952301806
1172 red 0.43774645943007695 0.9828261092706323
1173 red 0.8095019197893591 0.8518886258889931
1174 red 0.009054021550941704 0.8594952633459297
1175 red 0.23166890648535365 1.0578935620880818
1176 red 0.46862641043510544 1.112297735554622
1177 red 0.5852294857203904 1.0956554122920688
1178 red 0.5443596974055377 1.1139268073032484
1179 red 0.5109423117843458 0.5880305480852396
1180 red 0.8945833681873192 1.7515253762692753
1181 red 0.807245531904836 0.9610933461014713
1182 red 0.7740745995711216 0.9924346179227749
1183 red 0.37314110532389233 0.4697224018103685
1184 red 0.6306203984933323 1.2912749865602104
1185 red 0.6197446580949081 1.1665261473256896
1186 red 0.37928187811231906 1.240417820134367
1187 red 0.6764052086708128 1.4387550264740303
1188 red 0.4453009536285003 1.1714413174186225
1189 red 0.0981684601856403 0.5119922775700119
1190 red 0.5957692833390588 1.5865054696050416
1191 red 0.09709872072745251 0.8770198728410319
1192 red 0.25551967220929384 0.74283084645926
1193 red 0.9647905685904177 1.4833969921881076
1194 red 0.6227879003682252 1.4314776733097425
1195 red 0.15981277205532063 0.7125899386387639
1196 red 0.28531121140909543 0.38135477236480986
1197 red 0.9537627701524357 1.2241048781062736
1198 red 0.25597335865193405 0.4148561943738138
1199 red 0.7158560698265755 1.206180463143804
1200 red 0.34033635959829056 0.8500733021457345
1201 red 0.6869845754060852 1.2511026864748775
1202 red 0.7057495918099832 1.0366660070042135
1203 red 0.6474356124131201 0.9657936310650116
1204 red 0.8404186528330937 1.349559071384959
1205 red 0.2549544918062864 0.4406930462888772
1206 red 0.3983443580329771 0.6515449711063345
1207 red 0.7358911197407536 1.2535766771726626
1208 red 0.8767067637997709 1.5633008193509306
1209 red 0.5936386167021394 0.7846748144192979
1210 red 0.7727187637643237 0.7984743102704772
1211 red 0.4177063863247297 1.0639751823555657
1212 red 0.5187896144148487 0.7069025552064291
1213 red 0.6341808086351712 1.3278311116395596
1214 red 0.43192811458699887 0.5282216997659233
1215 red 0.8733443102650205 1.7073763411146459
1216 red 0.7172332146512848 1.4267303904763313
1217 red 0.16375837794477022 0.965468706545422
1218 red 0.5900593969966852 0.8321503158617789
1219 red 0.027257108834941812 0.6738085831748098
1220 red 0.7744893507577576 1.4353721211639285
1221 red 0.5610039501705699 1.459628753825334
1222 red 0.9557669485083992 1.4994733939968485
1223 red 0.5529693904085194 0.8334858842200773
1224 red 0.4527048134989685 0.9619008797159174
1225 red 0.059013869762915894 0.6588773633201506
1226 red 0.3155770157307177 0.4864106987153297
1227 red 0.06801566756365218 0.9975393512872925
1228 red 0.1540253976360877 0.28602792500608165
1229 red 0.5723872642702886 1.5290025782793475
1230 red 0.8753043224479062 1.3561102816412587
1231 red 0.1575180382666338 0.8659134951025097
1232 red 0.10256431483731931 0.4715420716130111
1233 red 0.7367952796171717 1.6617554192889232
1234 red 0.14460627039800766 0.6793362505945806
1235 red 0.7052040990464784 1.5565629815805322
1236 red 0.44171835763850964 1.0308903935695883
1237 red 0.9191650869967355 1.112439684324689
1238 red 0.14041172103025212 0.4071985989240725
1239 red 0.3180718508688659 0.3593807333513702
1240 red 0.0016674101926118512 0.13175036170998944
1241 red 0.35202010492069713 1.0082261514765327
1242 red 0.04727769271222759 0.8298329031361011
1243 red 0.7144857129259804 1.3280095275277137
1244 red 0.04951763407634202 0.677358590276616
1245 red 0.14053006848748062 0.44018600073444425
1246 red 0.6634507142905545 0.8242759706892662
1247 red 0.36827580146575145 0.9841131163592918
1248 red 0.46630537116634285 0.48722897285805766
1249 red 0.6912536678325341 0.8997438179930933
1250 red 0.5367304210932523 0.8671908390503555
1251 red 0.6597047897872054 0.8340894608667948
1252 red 0.3621154714831981 1.2977889697796838
1253 red 0.11802007148457172 0.47329692098750387
1254 red 0.36377617881514435 0.5352352004661611
1255 red 0.8631618514420449 0.9835339624672791
1256 red 0.42591326178903666 0.5835420860006871
1257 red 0.09469900613643534 0.11000823156271944
1258 red 0.3376613458474358 1.0655202280535419
1259 red 0.5904569650451496 0.7800996604309556
1260 red 0.30953634117989104 0.7385310262440316
1261 red 0.7602233101780915 1.1625674398204429
1262 red 0.13988694817670888 0.49899998516209576
1263 red 0.5306436617155208 0.6207133390221408
1264 red 0.24678979961918812 0.402731491334986
1265 red 0.8236912860651044 1.3192226948813777
1266 red 0.05939594889772637 0.5396558836330789
1267 red 0.17397150503750525 0.24537139935764307
1268 red 0.014083643241012744 0.14633414170079406
1269 red 0.66073693577254 1.10280306466893
1270 red 0.8616512951457954 1.6718531106272878
1271 red 0.23322195615163255 0.5289352478033184
1272 red 0.48577421157522005 1.0785606494175601
1273 red 0.14217313514016616 1.1068076195289818
1274 red 0.4563311717990445 1.2019419963280338
1275 red 0.7221369549067618 1.495851695828874
1276 red 0.738354232880284 0.8951079301726701
1277 red 0.6908837861987462 1.3635846732489776
1278 red 0.6501029612103634 1.0450193907281933
1279 red 0.67660667164833 0.7529810836977175
1280 red 0.5297903399771786 1.1599628765047403
1281 red 0.9396152907680982 1.7174907846699603
1282 red 0.5543733524697946 1.1623843526148478
1283 red 0.6597913521497409 0.9185589197264716
1284 red 0.4940440556711735 0.6822314546495434
1285 red 0.0006371099002397962 0.5823113907414723
1286 red 0.4576437065481398 0.8600782385040675
1287 red 0.04029303338455115 0.6069629367155662
1288 red 0.5321959741751286 0.6346123789128653
1289 red 0.43133271821092867 0.6865717767188025
1290 red 0.6882098092218523 0.9982332055169022
1291 red 0.7468939742489709 1.6066185569405098
1292 red 0.888953135478295 1.7638566994170335
1293 red 0.9383006373982976 1.63274883637419
1294 red 0.9948000984614188 1.4473069224846404
1295 red 0.16506629531790895 0.3650246241895424
1296 red 0.8876843643137025 1.590324765511351
1297 red 0.5589467046133761 1.1774749593115788
1298 red 0.6173703489992882 1.5327008559714679
1299 red 0.68480211107034 1.3478696800446586
1300 red 0.36118648762985006 0.4596995845684362
1301 red 0.3389093230564192 0.6013790001802956
1302 red 0.693435764512974 1.4049054104281335
1303 red 0.6460156931176861 0.8532063334612976
1304 red 0.866194080883916 1.0609788831804017
1305 red 0.2963726929132465 0.6509346567553838
1306 red 0.3047926573481504 0.6661793775274446
1307 red 0.8869583376075604 1.1009120109621975
1308 red 0.3723390243872863 1.110307567691922
1309 red 0.8430892280923775 1.113297680908899
1310 red 0.0028934956172212978 0.01134922260371829
1311 red 0.7180088564547353 1.467305914140534
1312 red 0.9197081953903015 1.3197793398019804
1313 red 0.21004618021507404 1.0492539390625537
1314 red 0.7987437774611875 1.5110799672223423
1315 red 0.8317611194512494 1.7884229491936177
1316 red 0.32380873800773446 0.5368244641231628
1317 red 0.24616835887528687 0.6470973244082473
1318 red 0.7660457225570043 1.7235195626874265
1319 red 0.9035631857073703 1.46089444718947
1320 red 0.7615004829868428 1.1622127202670802
1321 red 0.528919404058855 0.7919240524681764
1322 red 0.7676214310136799 1.5124217893060465
1323 red 0.3204134246760527 0.3633607130274157
1324 red 0.35712088973268086 1.123070317732179
1325 red 0.7079105553464844 1.3958082291405252
1326 red 0.22348439968735512 0.2906364170044726
1327 red 0.5991683962103822 1.431492238501045
1328 red 0.4892639492912296 0.8470502451214731
1329 red 0.7147552566623142 1.1351572795112417
1330 red 0.2725475239358003 0.9838021893658253
1331 red 0.3234079531027453 0.8438195664149644
1332 red 0.9210129361230962 1.1973088469978628
1333 red 0.4993048169211819 0.678207547226695
1334 red 0.49379650347718906 1.4928788221815812
1335 red 0.8455933987822212 1.3170381513415865
1336 red 0.7784475729708212 1.7459094457172437
1337 red 0.500393956198311 0.6940291565208685
1338 red 0.7265571135039581 0.877351386999382
1339 red 0.32666541056244636 1.2437000223346741
1340 red 0.31570988177359816 1.1159937722328013
1341 red 0.9109715131574623 1.2929554696512013
1342 red 0.55663463728659 1.1350770401062498
1343 red 0.5008567511856825 1.2872866506094338
1344 red 0.9078091552386163 1.124775179948678
1345 red 0.9428820771392269 1.4994979326931848
1346 red 0.5020010668753919 0.7283579472590219
1347 red 0.34413463469323013 0.3911193564195994
1348 red 0.89367898804989 1.4920794805782114
1349 red 0.7449417375156782 1.0265024472726418
1350 red 0.9888918293000812 1.0287199047115734
1351 red 0.9388338811804602 1.0492563932422847
1352 red 0.3952133368396461 0.5118019808063206
1353 red 0.9105887975991498 0.9626472778534539
1354 red 0.10573497208700278 0.8210440253310467
1355 red 0.250516723193263 0.9184817815855966
1356 red 0.3545565009850522 0.9963328313176616
1357 red 0.27298107651749215 0.46145757797252684
1358 red 0.9427238249938761 1.826984339333083
1359 red 0.9810876881572648 1.3221129463654395
1360 red 0.8316520463259656 0.9840081324875233
1361 red 0.7177276508006109 1.3197560911964863
1362 red 0.6931216555750751 1.6907203759037939
1363 red 0.5726091133859843 0.9320074183427518
1364 red 0.6613241427625542 0.7987741890535224
1365 red 0.6847033056624353 1.1418676374439676
1366 red 0.5188893906423622 1.3867116123935652
1367 red 0.9066547048772406 0.9865705712684187
1368 red 0.10321363047913445 0.6067779469174666
1369 red 0.839043670147732 1.5139782365488412
1370 red 0.4269347198756044 1.3373475097108134
1371 red 0.9790603857883334 1.4915100699855253
1372 red 0.24994631409472712 0.2914052146307641
1373 red 0.0889847502519776 0.15535327451465775
1374 red 0.7968613208445622 1.4111665881675215
1375 red 0.9020022166574932 1.5548054706933625
1376 red 0.9572720175992402 1.2577869455669293
1377 red 0.5370234497381354 0.9876523261769964
1378 red 0.731173009114998 0.8888762903059395
1379 red 0.7058476140654056 0.7841940456783244
1380 red 0.2825885879826947 1.0203641981377292
1381 red 0.6279894089949906 1.606940561329972
1382 red 0.13095073475105046 0.6028478784237464
1383 red 0.7184904997694029 0.9835841020233751
1384 red 0.5442362178279795 0.6838689918112187
1385 red 0.2021541228595518 0.9326406994937573
1386 red 0.5701696139214123 1.518045253170377
1387 red 0.04724901692708172 0.5417716804909195
1388 red 0.9302975698167423 1.4638584871954898
1389 red 0.5219666137876131 0.9176799750888555
1390 red 0.3007952832391976 1.0747068409287666
1391 red 0.822504513239914 1.6795358493948649
1392 red 0.9883191163655983 1.72476593440672
1393 red 0.12597201294941707 0.13592327934909743
1394 red 0.5833790614969809 1.2792583775210553
1395 red 0.136201102123077 0.3843612222436573
1396 red 0.7116886498947442 1.4962395522651062
1397 red 0.48898817728158306 1.3661362088705182
1398 red 0.6246902152685415 0.634316763295529
1399 red 0.14176718192938043 0.3385732072109835
1400 red 0.42188037337508566 0.9652475957278533
1401 red 0.42170114881623677 0.7646750485851738
1402 red 0.4085049760786382 0.8304818995822606
1403 red 0.05778228234434957 0.8743026202792615
1404 red 0.6848563367677283 1.4712112650155764
1405 red 0.8172649829988645 0.9350929264176341
1406 red 0.6863324941914523 1.0195138488006235
1407 red 0.6042775322856526 0.8706302124104943
1408 red 0.7179429923117814 0.9598022521740333
1409 red 0.9364470402105555 1.4179866884084857
1410 red 0.77630015279946 1.0541128281994914
1411 red 0.9900549188099942 1.907231558819496
1412 red 0.33613791584333264 0.9152526851582605
1413 red 0.5470918791768448 1.0221501365689916
1414 red 0.8146033644570586 1.098961562445659
1415 red 0.9279237383458127 1.721268040810356
1416 red 0.46483621979374556 0.8143965338208722
1417 red 0.2761610866938887 0.9153059072683635
1418 red 0.883947894320738 1.3817847536350234
1419 red 0.4155521256225736 0.7342501578620809
1420 red 0.4586441248173654 1.2276133422045417
1421 red 0.6895650840433114 0.8414224601270827
1422 red 0.44461486069945233 0.5496578873615108
1423 red 0.8724549947331179 1.4209766895868674
1424 red 0.10366902655433641 0.9835898222159839
1425 red 0.014039241632286537 0.9201357811782569
1426 red 0.7303109443588811 1.5574601275536897
1427 red 0.6242556420673244 0.8990867704904437
1428 red 0.7644935434760778 1.0601727743904816
1429 red 0.24836674398874536 0.8127362246920197
1430 red 0.10783685231008056 0.5383592017482114
1431 red 0.44590947670062253 1.0124912493809346
1432 red 0.3146734711185084 1.0160304357038266
1433 red 0.7997825721144912 1.2226707298436885
1434 red 0.05746367099565586 0.736040037818728
1435 red 0.5133789840373651 0.672984360852129
1436 red 0.4857043107453818 0.6178555952274772
1437 red 0.022695557396475774 0.33778203502546067
1438 red 0.3854738539510282 0.4959017285556495
1439 red 0.4248691600981416 1.4149858707180334
1440 red 0.7930504899819067 0.8159026538624428
1441 red 0.24510320486015813 0.5280790217994817
1442 red 0.8408341505134831 0.9463702964624237
1443 red 0.8438797389160471 1.7021680958493768
1444 red 0.21446713794646954 1.0916683977024442
1445 red 0.7039412481771925 0.991150943377859
1446 red 0.6678034101842577 1.0607465581563504
1447 red 0.32168312572884405 1.0022259910561233
1448 red 0.5762390747293192 1.4041518571000096
1449 red 0.9699831844013483 1.7622300843702372
1450 red 0.6557495223070613 1.5127598164693736
1451 red 0.4809070187557426 0.9384769224851276
1452 red 0.041645405257652146 0.3909169282959787
1453 red 0.9980916229885606 1.1848446288775514
1454 red 0.9647427262084156 1.5643782972977305
1455 red 0.7295574824813638 1.1749249938688426
1456 red 0.18787878722951 1.1030403472660875
1457 red 0.45636853041392866 0.7037461923587197
1458 red 0.3598831790345164 1.2638785888246453
1459 red 0.9873544593576611 1.841815788630377
1460 red 0.19272064334041017 0.7374842805212445
1461 red 0.7370859368709386 1.3057934354080125
1462 red 0.5473541141280712 1.0863198697887473
1463 red 0.5243588926993974 0.6013723115376259
1464 red 0.7778804595027077 1.122474818535117
1465 red 0.8225170683452503 0.9948721407703993
1466 red 0.3892305581280898 0.9460428786320246
1467 red 0.24468964113817948 0.26821278027291384
1468 red 0.654089467573033 0.7602729744783421
1469 red 0.49277374319808265 0.7961356234861166
1470 red 0.5072408708419032 0.8040288988333015
1471 red 0.5489716725673912 0.9875749539749533
1472 red 0.4577663544779679 0.582379656535346
1473 red 0.07900493823088595 0.975578165950598
1474 red 0.45554687316398934 0.7609788052669066
1475 red 0.2627424022786987 1.0447562467380005
1476 red 0.7156452083007291 1.3040834202111617
1477 red 0.9017073493811718 1.7433287837222795
1478 red 0.7928751149175826 1.0775382656896095
1479 red 0.9702043655019056 0.9702437856741715
1480 red 0.5438278675520801 1.0551379394235887
1481 red 0.6921033266083908 1.0272022807224748
1482 red 0.9320677913532175 1.494208797559105
1483 red 0.8296596337968206 0.9363917125683952
1484 red 0.7348565670878097 1.417169076814457
1485 red 0.31353636605474955 0.8662555269469202
1486 red 0.7465453018200843 0.7595088819377749
1487 red 0.731623407395645 1.3222604310409531
1488 red 0.39114005746290126 0.4271476929820418
1489 red 0.5028497490173514 1.4427953602505807
1490 red 0.5548471986490185 1.1990466628050669
1491 red 0.9573866752547551 1.4957769182702987
1492 red 0.8719700611455076 1.4068255253752846
1493 red 0.40078681701926633 0.7837647946904708
1494 red 0.7693995746526555 1.557896072825915
1495 red 0.08362607135850364 1.0229739150450088
1496 red 0.41432412748588354 0.9993880964856733
1497 red 0.9136264401121527 1.691793599472252
1498 red 0.5741324767323536 1.185075697891411
1499 red 0.12741096872194924 0.3248841057258238
1500 red 0.3988464587281988 1.0848709315561929
1501 red 0.40411789812797827 0.42342576130510756
1502 red 0.8163583353994909 1.1768388680087498
1503 red 0.4571390419278163 1.1159903152120039
1504 red 0.11474200731328421 0.36947107518367717
1505 red 0.9175297057902488 0.9373358476892608
1506 red 0.017928702223844017 0.6149224595372706
1507 red 0.5928913307349105 1.5855976900945423
1508 red 0.35397464378191923 0.3551295970778673
1509 red 0.007696806576098836 0.7047660379231254
1510 red 0.14191614701727673 0.16541614919654457
1511 red 0.04365923575545916 0.6734222412130006
1512 red 0.42592502402071797 0.8051487350581887
1513 red 0.040479951050789276 0.22856384241427385
1514 red 0.15896727007973233 0.1981714989929858
1515 red 0.4670066948809952 0.9668006147371268
1516 red 0.6118323895217288 1.3055465855941963
1517 red 0.9981810694774099 1.1499596825032494
1518 red 0.39926265475989386 0.9086438895785464
1519 red 0.004263023976700531 0.6379508515035857
1520 red 0.7252432081146111 1.5854880471454271
1521 red 0.7629839827201965 1.7608199158493278
1522 red 0.1511474821742198 1.0662111212506524
1523 red 0.03404324773950995 1.026472896561026
1524 red 0.2549552065265642 0.7237267852324107
1525 red 0.1362518215009073 0.5415002936908933
1526 red 0.6755740610975174 1.6064013685092589
1527 red 0.9386445964042756 1.3688242945516316
1528 red 0.6467230450529244 1.1596198558935844
1529 red 0.7903695691897785 1.75850111980707
1530 red 0.06375374182707194 0.3356531295691739
1531 red 0.5738965157816199 1.4597625252569437
1532 red 0.28142349687658974 1.106403076064327
1533 red 0.30706626374882506 1.0507383167244608
1534 red 0.15923393038998424 0.16629725124553063
1535 red 0.7555549928072035 1.350720051594827
1536 red 0.6631172051909001 1.3402009871363711
1537 red 0.7232936546502807 1.7074070566453596
1538 red 0.4732995453588299 1.1496631980451157
1539 red 0.20377057254600062 0.23863479707770818
1540 red 0.4980816202694306 0.5179973493711878
1541 red 0.25701859554899775 1.1950357764776407
1542 red 0.4307351669113767 0.5628567727788253
1543 red 0.021582014802807192 0.4666022190398105
1544 red 0.9271365917024499 1.391914116000982
1545 red 0.6169404781241051 1.4290129654781194
1546 red 0.42710509905043603 1.097200203429241
1547 red 0.5387212145015186 0.9577350509025049
1548 red 0.4611577633764785 0.9989806206047798
1549 red 0.42635325340957153 1.0510327192926172
1550 red 0.13555781845318482 1.000560951724271
1551 red 0.7144758436556363 0.8650711920312356
1552 red 0.7322408809987422 1.5439472367369504
1553 red 0.891911923929333 1.6470855782575864
1554 red 0.8058839324345913 1.5089559902131544
1555 red 0.5521898195588237 0.8424929425174669
1556 red 0.4531623520592767 0.5864677207337993
1557 red 0.9435020034508012 1.7550501452872553
1558 red 0.6248499312197179 1.6211747826301193
1559 red 0.11251038988857354 0.8115970382235551
1560 red 0.34926567840457157 1.1170596394944208
1561 red 0.4089179336818122 1.0485800150769577
1562 red 0.21991273791380195 0.7969582783378049
1563 red 0.8314772591818496 1.1148100446485463
1564 red 0.5321091868570178 0.8319027038218937
1565 red 0.8159633227835972 1.7749384724714572
1566 red 0.6166807713784119 1.054522114315004
1567 red 0.6622973462989379 1.5181256513218762
1568 red 0.9596843733528981 1.4491704575454718
1569 red 0.48528328486061556 0.6581497292945386
1570 red 0.9316016385222089 1.628694879265825
1571 red 0.8472720900592894 1.120105388102513
1572 red 0.6355141886181325 1.4287232240369006
1573 red 0.397428451073806 1.2718257122995835
1574 red 0.5807617748126451 1.0388777945958043
1575 red 0.47579209249027554 0.7577042348321031
1576 red 0.35462379916696296 1.1539768179459582
1577 red 0.7695743082903107 1.031868358596909
1578 red 0.6336968203692945 1.3998443340977764
1579 red 0.7588354045048882 1.0979195557759198
1580 red 0.4684734611051302 1.1740752392523375
1581 red 0.1955757487493508 0.8869170504389812
1582 red 0.7059693456786122 0.9566469925659179
1583 red 0.03432455546933466 0.7980825143559761
1584 red 0.7285127272113578 0.7600419541521413
1585 red 0.8545285257108132 1.6478383172334023
1586 red 0.7825126719057294 0.859177827146307
1587 red 0.5212175646405376 1.1265027377804286
1588 red 0.9511096193741306 1.1305290708560625
1589 red 0.33138906254830824 1.046867959142971
1590 red 0.613440580250927 0.7453257774587433
1591 red 0.7033695159831682 1.1482048960107467
1592 red 0.34115785142559507 0.7932911884797778
1593 red 0.9079980700922582 1.4674315491806538
1594 red 0.4551123197544704 0.8195617833849811
1595 red 0.8098805624097244 1.2255519482941342
1596 red 0.9148365673050988 1.218971384994463
1597 red 0.05123798343794517 0.15332923193383552
1598 red 0.6654997958806932 0.737370533700656
1599 red 0.630508852635281 1.1452864535249792
1600 red 0.0017318295038675213 0.1301940568598241
1601 red 0.24720863792941983 0.8119487521541682
1602 red 0.19776345602697698 0.8607481977171605
1603 red 0.80511379739823 1.8039298640044172
1604 red 0.8680071182211472 1.1997520809747182
1605 red 0.2970547210666068 0.8312950993339528
1606 red 0.05993530964844529 0.7647570707601846
1607 red 0.8969444425376139 1.5756528837841062
1608 red 0.9618289490431525 1.669573005541559
1609 red 0.9559309968008534 1.4681683821040812
1610 red 0.20407461121790227 0.973212289161744
1611 red 0.8423659744398199 1.0206961062201318
1612 red 0.4976306842320617 1.4063733734121175
1613 red 0.6954038931180819 0.7082024924990776
1614 red 0.8270295627163493 1.445012630635504
1615 red 0.01465358313192966 0.4060510158330136
1616 red 0.025144889043763885 0.30613268166857466
1617 red 0.9480298438315554 1.5622219671587247
1618 red 0.5930855266485867 0.8066541519695869
1619 red 0.8170793068835581 1.2755414857062304
1620 red 0.1578118803780144 0.4861338677403646
1621 red 0.35065796544842276 0.9317669240178548
1622 red 0.5619061771255112 1.2548014074879859
1623 red 0.47294180930964547 1.3381652286339103
1624 red 0.5587497719225978 0.6836311208996735
1625 red 0.817664600650748 1.4949496098476986
1626 red 0.045851625121611006 0.9622235437175786
1627 red 0.4361974351396478 1.426774120428718
1628 red 0.884485660969822 1.3099410570319323
1629 red 0.5324340659433141 1.0028669788254896
1630 red 0.4604783371762625 1.1695043312713245
1631 red 0.7427004949511858 1.185383505764781
1632 red 0.07809815554389576 0.8212866779703282
1633 red 0.5774928790601185 1.0319928157416705
1634 red 0.6409385790722175 1.263985907976771
1635 red 0.8485768609976907 1.5289774525841298
1636 red 0.606541187302609 1.2440766626238724
1637 red 0.8277708528592101 1.5274476294895427
1638 red 0.215802022611305 0.5333936768097616
1639 red 0.03583550049670203 0.312470506010736
1640 red 0.710720998263577 0.7789569765049486
1641 red 0.33657527408916466 0.6056479970956141
1642 red 0.918014573648132 1.6038362159413313
1643 red 0.43609556322542065 1.0354784433794149
1644 red 0.3954771684489805 0.5311405042343985
1645 red 0.9084188181683747 1.839994042761536
1646 red 0.1456376873658607 0.44883483884775444
1647 red 0.7239644637822187 1.7113627142233028
1648 red 0.8261097851916752 1.6926561007036942
1649 red 0.5203430377412671 0.9578889911827081
1650 red 0.6823517389396623 1.4891276306170251
1651 red 0.9902290045724409 1.5982323083066068
1652 red 0.5868819174374104 0.9192160004780028
1653 red 0.17428585564587995 0.27350464746077496
1654 red 0.0735290445589164 0.31903898138386555
1655 red 0.1974422748802822 0.667038278366692
1656 red 0.39965410471206453 0.5424847998246923
1657 red 0.7498239276468217 1.2233107747164413
1658 red 0.7130276499841446 1.6117182958286471
1659 red 0.1706023248394003 0.24463887351286295
1660 red 0.005810049505414194 0.7302329768393144
1661 red 0.5912485754897497 1.4831137582971756
1662 red 0.8575182912499193 1.0195126081508752
1663 red 0.5417117464181821 0.8912951208921862
1664 red 0.5384391775452188 1.527262037597348
1665 red 0.06936447537706403 0.9789788470166729
1666 red 0.2390569829935062 0.4226965668071866
1667 red 0.9663193552783546 1.1155211148220419
1668 red 0.2603977209253777 1.0517725625474532
1669 red 0.13706060980567736 0.93708711503081
1670 red 0.9156687951053708 1.4886926659020863
1671 red 0.3182359096037396 0.4706485355434006
1672 red 0.8267153393781835 1.2749812956549622
1673 red 0.24285546885063147 1.2129343120150375
1674 red 0.30489934132053853 0.8510120107171123
1675 red 0.49106102901461623 1.1531309087622559
1676 red 0.5709950038299636 1.2645581387371023
1677 red 0.024624538553863262 0.5534444924150421
1678 red 0.3534951664388184 1.228180173301817
1679 red 0.035356190298995394 0.3527576449078832
1680 red 0.46707131177812955 1.3439430542901867
1681 red 0.15379016757960817 0.6653199215912677
1682 red 0.6678307067391794 1.0090694918542993
1683 red 0.24422219910942777 1.041767320403855
1684 red 0.6546658753120445 0.9374952375025714
1685 red 0.0043045574467823755 0.8352073735453133
1686 red 0.45782887088049695 1.048241263618301
1687 red 0.028252309948152532 0.270176631744366
1688 red 0.6525858717978357 1.4688765018515282
1689 red 0.6876117459742643 1.2958731790931735
1690 red 0.9065305745961789 1.8542210207050225
1691 red 0.699900417235805 1.6479678213008646
1692 red 0.7654737271852163 0.8901083166778498
1693 red 0.31876148971146023 0.6212444856678858
1694 red 0.9277424165861528 0.9710732741999116
1695 red 0.2276502976800493 1.1333800142550823
1696 red 0.21168195407841128 0.34401726373467656
1697 red 0.3122298092897483 0.5759784506757304
1698 red 0.40553573015058897 0.690366966248223
1699 red 0.11058787899779188 0.651748187626303
1700 red 0.04321438945753131 0.6740920723781767
1701 red 0.45209659102661304 1.139227864818217
1702 red 0.4681160118053549 1.027750481125416
1703 red 0.5147716392090425 1.5024719375907925
1704 red 0.4184956657592688 1.2197442590688101
1705 red 0.25267645414535844 0.5018728719453799
1706 red 0.94240081277634 1.2872977250421527
1707 red 0.16414574418216266 0.5271140064503572
1708 red 0.5705978113893071 0.938947722511627
1709 red 0.3316434143945516 0.4123354511894426
1710 red 0.41208622397179206 1.306527895999611
1711 red 0.7178867493723797 0.974196481058355
1712 red 0.8125145942313537 1.6119567799300647
1713 red 0.15143698030283714 0.6268526063242882
1714 red 0.49044143313391964 0.9260416931064549
1715 red 0.2538858209946213 0.5764431693564477
1716 red 0.4890757373866452 0.9126828656328864
1717 red 0.5268609572924157 1.4763873540285792
1718 red 0.24504062085525902 0.2836186342413928
1719 red 0.46975596986863566 1.1648833493846555
1720 red 0.36685709561022006 1.1234148099778383
1721 red 0.6074685711501062 1.318750834949359
1722 red 0.5053905314321971 1.3626213601015893
1723 red 0.2529238138165536 0.9747188346775452
1724 red 0.9439968874431206 1.2711792927598577
1725 red 0.40760979076582393 1.0235603593940859
1726 red 0.7665811921131783 1.0227049962102026
1727 red 0.4014503976977135 1.2729197875239406
1728 red 0.6304710765575924 1.0202493888514368
1729 red 0.16932261118158332 1.0100860776931144
1730 red 0.1351890754958166 0.9910079377421308
1731 red 0.22309280620190408 0.3264669345561495
1732 red 0.6432394625141161 0.804508021102918
1733 red 0.7540315071013044 0.8443830355637314
1734 red 0.8980224614256261 1.006016488082277
1735 red 0.9468078401297148 1.232435566853987
1736 red 0.4216117643975561 0.6400370589657088
1737 red 0.13908948292367806 0.2911534259132952
1738 red 0.5490839973699368 1.383551216029022
1739 red 0.3546543264406651 0.48377982151766796
1740 red 0.21699153233330748 0.9191696033534417
1741 red 0.4197346165938114 0.7991956950651782
1742 red 0.6108236530110833 0.7318326249741435
1743 red 0.37416823174149927 1.3492097707549404
1744 red 0.5571895526869269 0.8453785010917146
1745 red 0.46068169368761724 0.5422068901642683
1746 red 0.8390061831534316 1.3524408758039748
1747 red 0.42856819219299935 1.1739694231627076
1748 red 0.6923864090484614 0.7532451273960636
1749 red 0.11627038466511119 0.38632751739439963
1750 red 0.40621387561665956 1.0573952165704508
1751 red 0.5403494571637675 1.3862389915703928
1752 red 0.6790570646839903 1.0421561766248006
1753 red 0.48103352020074885 1.1088052246512594
1754 red 0.5353140836300583 0.5656940642840235
1755 red 0.28690038105242677 0.6249317103227494
1756 red 0.9594007507306688 1.0041690716579197
1757 red 0.023032792401029845 1.0121014696997608
1758 red 0.034995620529853055 0.9133375352460285
1759 red 0.7829318345190457 1.745962685208395
1760 red 0.9459672443352878 0.9973919253644927
1761 red 0.6546822094331489 1.3677747879564657
1762 red 0.48668004611164806 1.2026812008352765
1763 red 0.7876735664743403 1.4620788447535633
1764 red 0.4050872273330314 1.192277847102058
1765 red 0.09231845838435226 0.44173336848930345
1766 red 0.3865767726432856 1.2864347418161883
1767 red 0.6901049148698694 1.3106386399620304
1768 red 0.8172652470922359 0.9460106921741915
1769 red 0.522842659030001 1.3698251949971776
1770 red 0.9464639829969658 1.1838461540045784
1771 red 0.2697646548097282 0.8015830212456799
1772 red 0.9713438612246769 1.4261737443552756
1773 red 0.5310836373942395 0.6139552081928108
1774 red 0.7255537669585166 1.4043727485573965
1775 red 0.3013254738308272 0.3326588172689985
1776 red 0.25160582180935853 0.9503032728293003
1777 red 0.48117508844079293 1.43026172338728
1778 red 0.5203661277170649 0.9550227412295907
1779 red 0.04809764334928179 0.4508278310093824
1780 red 0.6763547193799542 1.1404853825526757
1781 red 0.09309136559485987 0.9282425982547929
1782 red 0.21903872557552484 0.7232047841557289
1783 red 0.019053406278806362 0.7076179716194608
1784 red 0.3793830688820391 0.5110936043032863
1785 red 0.39979463596140297 0.7835387370866406
1786 red 0.25694477133406846 0.7127834660120722
1787 red 0.3460680113725222 1.0057041865422083
1788 red 0.5027683070810762 0.688536331661361
1789 red 0.4488360391218448 0.49665960693130096
1790 red 0.3893368885889473 0.7315322835153241
1791 red 0.847522895335353 0.887512363026622
1792 red 0.6597870530487108 1.6434574881241168
1793 red 0.4537114951332888 1.4481987567684664
1794 red 0.4103705407627467 0.46426691187194524
1795 red 0.34765713138753407 1.0240268873745277
1796 red 0.041445209591848275 0.40587330531758514
1797 red 0.72275011160261 1.4889594909764
1798 red 0.29795742961089744 0.8264472345549257
1799 red 0.21272282819134325 0.952404305843478
1800 red 0.8906729887681467 1.0508859836222229
1801 red 0.10008759240921927 0.5086526817196398
1802 red 0.3395018675002711 0.6524363122400547
1803 red 0.367062423588725 0.4908611137814365
1804 red 0.5653961183968598 0.9695544764575122
1805 red 0.8045637053919608 1.5086314673133212
1806 red 0.4042165904075131 0.7100323643009747
1807 red 0.529394482437042 1.3315376468804114
1808 red 0.6300696441908713 0.8909046337846198
1809 red 0.583344006526466 1.0455720368775998
1810 red 0.16980898776167108 0.1708047246639407
1811 red 0.7160762766708202 1.2141200618130075
1812 red 0.8694167226611315 1.7154486747715265
1813 red 0.8968876748904571 1.0784403336315291
1814 red 0.7012508275336004 1.0972972072058975
1815 red 0.1703446261613667 0.7120375476519427
1816 red 0.24922441189558298 0.9084209732578619
1817 red 0.19974556727439052 0.7165920938938466
1818 red 0.06498157660898218 0.9883090579234195
1819 red 0.4463900713980793 1.0221304825210176
1820 red 0.9457303749668471 1.685599122009223
1821 red 0.13334084230953913 0.5987207518770762
1822 red 0.6947115666010073 0.9235113373088051
1823 red 0.26506322813547145 0.6284191496145298
1824 red 0.29035805492225575 0.7213902817535098
1825 red 0.9670281620997239 1.7707457050005302
1826 red 0.020802566193020677 0.6730704168643202
1827 red 0.967708230913402 1.700358116064252
1828 red 0.7265477651297978 1.4027636155895296
1829 red 0.0045230789189409926 0.8683219752326045
1830 red 0.9488385734292929 1.1722334833115893
1831 red 0.5541484122584017 1.3820353792776445
1832 red 0.7580731840921799 1.4533093682699676
1833 red 0.1800104079244601 1.1478342097116552
1834 red 0.062199043253800324 0.5526452290895112
1835 red 0.4294595330583314 1.038624632596722
1836 red 0.5233827059990902 0.6345020870759834
1837 red 0.8784465035176885 0.9526024755432071
1838 red 0.3767904820397642 1.2991982624427578
1839 red 0.5969384216966089 1.3573414862538806
1840 red 0.8366720066407609 0.8790924693474407
1841 red 0.0008617371044760125 0.06650719819695994
1842 red 0.6553452422117593 0.8533179467665322
1843 red 0.6838842618110211 1.0685253200752163
1844 red 0.13721660324486173 0.5120139183808263
1845 red 0.5512852490920208 1.1467201641741243
1846 red 0.8411816867574731 0.9273061361794297
1847 red 0.9871032328927508 1.6178649067849742
1848 red 0.7798552458970871 0.9473952118374264
1849 red 0.7374184321520848 1.4785764240872448
1850 red 0.8642630711405113 1.5429088784314442
1851 red 0.8591527260866695 1.6614149942217378
1852 red 0.986506824066516 1.3498536724186672
1853 red 0.5014588785936538 0.8540587301967968
1854 red 0.8874566786015873 1.7162888316453684
1855 red 0.5547066226115701 1.1840036746213576
1856 red 0.13942140529298042 0.5422323531277822
1857 red 0.2250714175331313 0.6492906663356649
1858 red 0.24596185585814123 0.2671156055122773
1859 red 0.17382182607473617 1.145185040469991
1860 red 0.4990867858716367 0.8300446121629506
1861 red 0.4526761137863302 1.195981559897175
1862 red 0.05056384780583634 0.7746199682582124
1863 red 0.9685219066093623 1.8665444822955113
1864 red 0.5538278832568535 1.5237691779436888
1865 red 0.22960282544728505 0.7055398516524282
1866 red 0.3308666763959577 1.2085853627684005
1867 red 0.6647718705803362 1.092782814298893
1868 red 0.5633621289513889 1.114817015471159
1869 red 0.9430004400941521 1.6332548560485036
1870 red 0.8889659081656291 1.2463297049978028
1871 red 0.37129101217816807 0.9510535107742119
1872 red 0.22661168673096277 0.2810660113820581
1873 red 0.46473900134579826 0.5009955114679395
1874 red 0.06718779992680157 0.13650989009857029
1875 red 0.2656418610936492 0.3293292612659322
1876 red 0.9218690385253816 1.075967411610151
1877 red 0.25255879867993236 0.5796690678627012
1878 red 0.6064004832371233 0.9121852283277334
1879 red 0.45473822651361384 0.8938489443883252
1880 red 0.7997511286708103 1.4741831855114114
1881 red 0.8515962704495595 1.369847071486732
1882 red 0.7607751151759767 1.0829384583377415
1883 red 0.5744447356232626 0.857854902172027
1884 red 0.113524355781076 0.21032431117900063
1885 red 0.49678592626069096 0.6828439494027053
1886 red 0.5198634824364625 0.7576532855276439
1887 red 0.08584612964570548 0.8786937596036408
1888 red 0.8763508653469899 0.9908454463430769
1889 red 0.36536466372769716 1.293136659609757
1890 red 0.6574305195518296 1.2829033266355312
1891 red 0.7738882754845888 0.8483508936603524
1892 red 0.588608248686448 0.9736476837183564
1893 red 0.7707500147576645 1.4076154015536386
1894 red 0.7847233901548237 1.7469486990235346
1895 red 0.6732445893131807 1.339338690062234
1896 red 0.8034571755951443 1.4249175990677811
1897 red 0.9168260390031273 1.0923408979891422
1898 red 0.5194201232574257 0.5668032688281339
1899 red 0.2795739475990713 1.2073184729177266
1900 red 0.4784775920690557 0.788964144251965
1901 red 0.6647806748826245 1.5640518821194345
1902 red 0.26729813831780225 1.0520550736497623
1903 red 0.7123852183067079 1.657875578276009
1904 red 0.02697393108127477 0.043491579609387654
1905 red 0.5521750609844487 0.7269377396609054
1906 red 0.6896652895057716 1.4618493053812949
1907 red 0.7983914422130588 1.3018520052744171
1908 red 0.2606895254951287 0.5703918308991032
1909 red 0.5019210213184927 0.8949830732313669
1910 red 0.5686624830692015 1.5195550804828204
1911 red 0.6028367686084786 1.5292517478292593
1912 red 0.9607530817621854 1.0917094448429976
1913 red 0.3420311948221798 0.6951990254674879
1914 red 0.666424909620471 1.1443175033018518
1915 red 0.9201445887358973 1.6942552836565605
1916 red 0.8720758463100369 1.6427673560047982
1917 red 0.6859866900362313 0.9687260434095163
1918 red 0.3971212046860533 1.1263078120909804
1919 red 0.08599527578707777 0.7169172947469222
1920 red 0.7893322385264372 1.6676712840050345
1921 red 0.7475166064306472 1.5096002300611455
1922 red 0.926153847292135 1.6064453533923477
1923 red 0.19599992522570975 0.4227528891861252
1924 red 0.5852800648263312 0.92232437935998
1925 red 0.9871566093156628 1.6992665398762647
1926 red 0.43003023876325275 0.7492416957165632
1927 red 0.39727487094547953 1.2973107740943275
1928 red 0.788429926669959 1.29916222916206
1929 red 0.8420840458324492 1.2349549729530582
1930 red 0.1266514176838892 0.637576360474255
1931 red 0.9851829448786696 1.807391705890664
1932 red 0.29338715281302785 1.2210615052394393
1933 red 0.5235609200825733 1.1203876824935652
1934 red 0.10873956249898775 0.9963009132230459
1935 red 0.7705974336840572 1.235802334667736
1936 red 0.5694345791555917 1.0864112261165535
1937 red 0.4465121703307421 0.7645938724716421
1938 red 0.21471299124113796 0.7272874562142797
1939 red 0.493927206514328 0.5983187286282472
1940 red 0.7918776013514587 1.032655946634867
1941 red 0.3543560276774457 0.4159909541139559
1942 red 0.30970290001403133 0.47772223790927204
1943 red 0.7500887866172135 1.6368352002196482
1944 red 0.5484198223567319 1.1885611128569806
1945 red 0.4493256451255442 0.7043690219674008
1946 red 0.9026317670342271 1.4716516257558208
1947 red 0.9521088284735446 1.5827349693754238
1948 red 0.5811538095361538 0.6060584020672612
1949 red 0.3486765131217916 1.1848174799506461
1950 red 0.03460520281654622 0.36976104402971544
1951 red 0.14477646107070874 1.0758043342415908
1952 red 0.1675702028895677 0.5355204359263062
1953 red 0.10787304464743519 0.574781647446528
1954 red 0.42338681761022523 0.4721666899950582
1955 red 0.7385915625145966 1.2613480724498618
1956 red 0.006202200526299717 0.4335054704146274
1957 red 0.327834675763392 0.8917877632200664
1958 red 0.7909280138586177 1.5321041408070781
1959 red 0.036102438128147396 0.7217759096907376
1960 red 0.5349390429748472 0.960558357085761
1961 red 0.29292935150395716 0.7783312574750909
1962 red 0.18079059859497826 0.37477853674433625
1963 red 0.9404456978599752 1.0868171188490074
1964 red 0.03258024550701144 0.24434038980461026
1965 red 0.42188508352557286 1.083057884007606
1966 red 0.5855528017960681 0.9344536324796078
1967 red 0.4842673840937446 0.5446095204388433
1968 red 0.11878683096272724 0.8511187103317781
1969 red 0.2835293065657215 1.0335884138708469
1970 red 0.9827120617107686 1.3625815954829459
1971 red 0.3124151911759624 0.7933105898839041
1972 red 0.5328911574635818 1.349437159594645
1973 red 0.0481137074606417 0.11927568604825245
1974 red 0.19946239066195204 1.141389077118049
1975 red 0.36781569291993166 1.304777280853854
1976 red 0.7316197831390749 1.1815878565794211
1977 red 0.0883439537411046 0.4303605002423988
1978 red 0.4038228648382539 1.214287664929679
1979 red 0.04174569113675697 0.23656139232071816
1980 red 0.19032578904921482 0.9112827132741079
1981 red 0.46845686449114254 1.2190118137710955
1982 red 0.4074315402314125 0.6061915231031278
1983 red 0.676155060033915 0.684861454942925
1984 red 0.1948014543222646 0.775092070300699
1985 red 0.11868224650629788 0.1365088526009779
1986 red 0.5021215638401048 0.8899954512666508
1987 red 0.1349614898085778 0.8689913469361533
1988 red 0.35382601288469306 0.4123766442714787
1989 red 0.9023594744748084 1.391396367123145
1990 red 0.10316447468464629 0.45419528056769554
1991 red 0.24137850974159525 0.6061873632463101
1992 red 0.7505716245658096 1.4688100619897777
1993 red 0.8499543764266277 1.0804327446366782
1994 red 0.7414094675593648 0.8250096078991116
1995 red 0.48280750292896724 1.0170134293196647
1996 red 0.17688626263918095 0.3655442085721212
1997 red 0.11932042172300827 1.0613606319405884
1998 red 0.12475519599929197 0.3542623622167177
1999 red 0.3124009497747001 0.43573063826841263